6.069546541858412692e-01 -9.074254715467557617e+03 1.793942725617556425e+04
6.114596272031596058e-01 4.647530560526289264e+03 1.789425273004468181e+04
6.160599212463759855e-01 -1.226255034387987689e+04 1.781470849905147406e+04
6.207609752108532719e-01 1.970582801787886638e+04 1.384671551419347452e+04
6.255645424630346119e-01 -1.804407348898685450e+04 1.124161159743248390e+04
6.304760118610193143e-01 2.025316869461597162e+04 9.426820645960984621e+03
6.354934206675733055e-01 7.386417687210342592e+03 6.244401847191265006e+03
6.406209991197356901e-01 9.092925707793261608e+03 4.651916374073090083e+03
6.458629645247395690e-01 7.075538379261224691e+03 3.740640732327677597e+03
6.512235161934368799e-01 7.626369070618738988e+03 3.233444146854237715e+03
6.567068113388880857e-01 4.556516144184866789e+03 2.852410770222131305e+03
6.623169388714766903e-01 5.480190802253568108e+03 2.800663571897275688e+03
6.680579932662757958e-01 9.164924753704077375e+03 3.108966869913622304e+03
6.739339997495448209e-01 9.312258456308665700e+03 3.512508952240817052e+03
6.799488994772311390e-01 6.133461305643284504e+03 3.048603635600114558e+03
6.861066552926401441e-01 4.128547279377064569e+02 2.657312760103627170e+03
6.924193002660585794e-01 4.943506182299630382e+03 2.014204859628530130e+03
6.988854720626984651e-01 9.571704197198305337e+03 1.517147809347146676e+03
7.055153803529297107e-01 7.843645261446086806e+03 1.102977731582052684e+03
7.123074759859808758e-01 7.465704790398888690e+03 9.561771926067236791e+02
7.192713565775198381e-01 8.470668584615370492e+03 7.966743240830918467e+02
7.264120374313705053e-01 8.105173332980195482e+03 5.908526102120682708e+02
7.337324770998122636e-01 7.000136793907725405e+03 4.865248473653326755e+02
7.411476866192757695e-01 7.302964551505448071e+03 4.267404752546035525e+02
7.488553698785099799e-01 7.741777862549953170e+03 3.934659334646052571e+02
7.567638769608437954e-01 7.670450748056008706e+03 3.915749512011832394e+02
7.648753543529765997e-01 7.972418779988532151e+03 3.911384654439360702e+02
7.732105969224791764e-01 7.932975863045043297e+03 3.921126865603327474e+02
7.817620224044457000e-01 7.759136663556527310e+03 3.614204803985613808e+02
7.905437278998475037e-01 7.844620963406717237e+03 3.265037846713550493e+02
7.995682990835928372e-01 7.733358518884609111e+03 2.980580991690632118e+02
8.088270674333921662e-01 7.244132104606853318e+03 2.818504084232559421e+02
8.183418088138193491e-01 6.976492818794915365e+03 2.789718959007959143e+02
8.281213710495698432e-01 7.738740923400410793e+03 2.796067657398428992e+02
8.381632252130756244e-01 7.405211496290707146e+03 2.840957912208051539e+02
8.484769844805840622e-01 7.469918999870200423e+03 2.933030741994889468e+02
8.590716213638418530e-01 6.835750390266244722e+03 2.697480894698466045e+02
8.699550721065318903e-01 7.836589113950632964e+03 2.450913953204200766e+02
8.811345691434172567e-01 7.829030859499269354e+03 2.252356687694155255e+02
8.926164059756964697e-01 7.214112594390778213e+03 2.120324979058937629e+02
9.044060161202639447e-01 7.103394969372045125e+03 2.000519151984286168e+02
9.165078232919141588e-01 7.539424647214292236e+03 1.946361562430498111e+02
9.289255380224836767e-01 7.259411848762617410e+03 1.908244418073004738e+02
9.416800844295094564e-01 7.185023275037608983e+03 1.875022613196690315e+02
9.547579228907530080e-01 7.407127342438338019e+03 1.844440865253117749e+02
9.681655972814562361e-01 7.300016433652983324e+03 1.805443593463342609e+02
9.819158207688717388e-01 7.417169864009048069e+03 1.743814170553735892e+02
9.959981927370158417e-01 7.150712194842905774e+03 1.673314001785722382e+02
1.010422217752051210e+00 7.441356320637720273e+03 1.593489254853005548e+02
1.025187182779094597e+00 7.275650211402296918e+03 1.533766004877431897e+02
1.040286272699051162e+00 7.258039186220630654e+03 1.467439487619344618e+02
1.055719828192424714e+00 7.712846468669279602e+03 1.387794047574644765e+02
1.071489837630721143e+00 7.007485022319772725e+03 1.313525135674811679e+02
1.087587716384251335e+00 7.189834009025584237e+03 1.262606517145200797e+02
1.104006533920935951e+00 7.366622453895746730e+03 1.227742331208148840e+02
1.120739524879675875e+00 7.288904551146323683e+03 1.207896020362975236e+02
1.137778150287911627e+00 7.386592497527600244e+03 1.189767796317931925e+02
1.155115821285940703e+00 7.302151939782678710e+03 1.162487939262490926e+02
1.172740323761094494e+00 7.221194161867951152e+03 1.134391365640062759e+02
1.190638059814935978e+00 7.592929698232095689e+03 1.108459778758327730e+02
1.208795814444235894e+00 7.275930125860810222e+03 1.074472588495120959e+02
1.227203827496816446e+00 7.432188840200950835e+03 1.052615122205120457e+02
1.245845905926304731e+00 7.539448895729570722e+03 1.037790514175545127e+02
1.264704614960925566e+00 7.325514304114546576e+03 1.027985917725702762e+02
1.283770316941241774e+00 7.437989111670754937e+03 1.023456262815067248e+02
1.303020361467092769e+00 7.535826692527310115e+03 1.045063096839734271e+02
1.322445525917678166e+00 7.222602577000163365e+03 1.120302221469284234e+02
1.342023720872404180e+00 7.152619162261778911e+03 1.251122001707886966e+02
1.361743229066245453e+00 7.149071477455843706e+03 1.310376730049174512e+02
1.381585470487772804e+00 7.313115941313362782e+03 1.305681331785555983e+02
1.401535431482285210e+00 7.029166241192522648e+03 1.311722604517498780e+02
1.421579040380420267e+00 7.656807380075127185e+03 1.329905438929538377e+02
1.441699863820305572e+00 7.522279477550462616e+03 1.343037095084757482e+02
1.461884107778708364e+00 7.785165493182077626e+03 1.348774847694446919e+02
1.482118480987850040e+00 7.543189192648872449e+03 1.354683459868409443e+02
1.502388965910429031e+00 7.669237079494520913e+03 1.343451788899826624e+02
1.522683417390884086e+00 7.409963141790734880e+03 1.317879939534477103e+02
1.542990055739632771e+00 7.339717099223368677e+03 1.285935023763083223e+02
1.563297528469164588e+00 7.403183329582749138e+03 1.268815127500356255e+02
1.583595839285633744e+00 7.505012899899336844e+03 1.262598212778525664e+02
1.603874798145210612e+00 7.325623749439288076e+03 1.251243906892517259e+02
1.624125605649302972e+00 7.468734112718837423e+03 1.244448884637664321e+02
1.644340133202293330e+00 7.339408402501368982e+03 1.242700853533687990e+02
1.664509690172060186e+00 7.368061918361799144e+03 1.253393476048982933e+02
1.684628047197284761e+00 7.421228006496465241e+03 1.273443506001262620e+02
1.704689070005479978e+00 7.387113822952102964e+03 1.311213122417092620e+02
1.724685462473475983e+00 7.398420871561073909e+03 1.356864474320018132e+02
1.744613194025619540e+00 7.447361844311259119e+03 1.418041844401304843e+02
1.764467155898959749e+00 7.214062617128930469e+03 1.483715203745607880e+02
1.784241906192471250e+00 7.470289559789452142e+03 1.542573702834644962e+02
1.803935659492311938e+00 7.299657171288447898e+03 1.592319164792246227e+02
1.823542436875334571e+00 7.348919073794059841e+03 1.632242000952946910e+02
1.843061536099081188e+00 7.309369677643356226e+03 1.688834388073729826e+02
1.862488638859403078e+00 7.452917132041058721e+03 1.735089205296213208e+02
1.881822248745163462e+00 7.015412765611031318e+03 1.739120959008872376e+02
1.920150852042834311e+00 7.296210294369914664e+03 1.238406679639742123e+02
1.939191955599203432e+00 7.097288317894857755e+03 1.748859177643402063e+02
1.958132170957373575e+00 7.690488064383906021e+03 1.736164136467241974e+02
1.976972407132778331e+00 7.461019518520545716e+03 1.749925130526872010e+02
1.995709244513524050e+00 7.441846253472545868e+03 1.769360298395168343e+02
2.014344940364002579e+00 7.351362390011836396e+03 1.763006227634553227e+02
2.032877005056553443e+00 7.269382238943337143e+03 1.757682606866348749e+02
2.051305823776575110e+00 7.255258882266506589e+03 1.766003780074747453e+02
2.069632080683516229e+00 7.098820889961209105e+03 1.760715212257310895e+02
2.087854691367239113e+00 7.107268903028675595e+03 1.736817193864153808e+02
2.105973890818272132e+00 7.705243755064606376e+03 1.711950096309263927e+02
2.123990672208907249e+00 7.265031121480987167e+03 1.705250740302851966e+02
2.141904488993339406e+00 7.645031095689610083e+03 1.700676702252393397e+02
2.159716427228985491e+00 7.220098426986602135e+03 1.699152509647673810e+02
2.177426350298553359e+00 7.439750083509261458e+03 1.701100969724890604e+02
2.195035375808593869e+00 7.506714013889316448e+03 1.704662428583265807e+02
2.212543427279448860e+00 7.509643706906594161e+03 1.705826686174875420e+02
2.229951710305903667e+00 7.417074001184990266e+03 1.708299181048824380e+02
2.247261095000719244e+00 7.359572192668767457e+03 1.715360382924533553e+02
2.264472243150275954e+00 7.304459173229977750e+03 1.732367393141180969e+02
2.281585496825972115e+00 7.144001992520207750e+03 1.754407708409902966e+02
2.298601905186650640e+00 7.768439954725910866e+03 1.773411875468355561e+02
2.315522031348904886e+00 7.250419681127046715e+03 1.803352341497880502e+02
2.332347005275743790e+00 7.685257086995007739e+03 1.828368309611430220e+02
2.349077778357522739e+00 7.332410463487312882e+03 1.847774111377034103e+02
2.365715318387081822e+00 7.623141984246173706e+03 1.869359952457607790e+02
2.382260549459868315e+00 7.136206713947682147e+03 1.895752371584576679e+02
2.398714196654160524e+00 7.164835191089560794e+03 1.927641829569008962e+02
2.415077467438304204e+00 7.769998695895801575e+03 1.992042897396999592e+02
2.431351129032257141e+00 7.614036609275828596e+03 2.035785821293365814e+02
2.447536198845024380e+00 7.158611623988167594e+03 2.076983729108549142e+02
2.463633518212613005e+00 7.454092402051002864e+03 2.138867000883219589e+02
2.479643772972341509e+00 7.678222812221453751e+03 2.180348118772230919e+02
2.495568182077489539e+00 7.470360285510218091e+03 2.198375267399958091e+02
2.511407673015387587e+00 7.671586476937718544e+03 2.240933078308071345e+02
2.527163439408016465e+00 7.068440497816688548e+03 2.291420216515649599e+02
2.542836520349658347e+00 7.770319031495966556e+03 2.339412659402615020e+02
2.558427844519562289e+00 7.653999631524668075e+03 2.380431948330697765e+02
2.573937774915792787e+00 7.412585800558548726e+03 2.396241037873766118e+02
2.589367503496045941e+00 7.718462830461715384e+03 2.375651347227141343e+02
2.604717772094632622e+00 7.320573295348734973e+03 2.354331236499944566e+02
2.619989877067947504e+00 7.165403058535963282e+03 2.372109475686219184e+02
2.635184822390049586e+00 7.511891761688029874e+03 2.396087933008150799e+02
2.650302763893447100e+00 7.694946756883307899e+03 2.393980745765609868e+02
2.665345522950646195e+00 7.161284910195749944e+03 2.386828464427498204e+02
2.680313126352503961e+00 7.469872773413662799e+03 2.422989017776686183e+02
2.695206675556822251e+00 7.246521261455954118e+03 2.481335524141814517e+02
2.710027464291504984e+00 7.324484600552760639e+03 2.506102094425111488e+02
2.724776113004020228e+00 7.368989973949739579e+03 2.522023300753936610e+02
2.739452921045717027e+00 7.482413669446726999e+03 2.541395101730678050e+02
2.754059450105453166e+00 7.413081730477842939e+03 2.553997943149618948e+02
2.768596532647099373e+00 7.182821022101690687e+03 2.566927578496686806e+02
2.783063706699818063e+00 7.684162407735938359e+03 2.567219570293319180e+02
2.797463613557745532e+00 7.607219283979592547e+03 2.551292524926864189e+02
2.811795840618536158e+00 7.610795745870063001e+03 2.564442527850006286e+02
2.826060859112322632e+00 7.333140637038690329e+03 2.610447290352125833e+02
2.847295834210755050e+00 7.467333735654518023e+03 2.658430474074874041e+02
2.861398244526560219e+00 7.130052888710450134e+03 2.673847172741131999e+02
2.875437179119172626e+00 7.246592484917663569e+03 2.667073869122141332e+02
2.889412198863015480e+00 7.370921191029080546e+03 2.678666364410469782e+02
2.903325127207754708e+00 7.984280928112486436e+03 2.718812196007789908e+02
2.917175812438949301e+00 6.929160333657076990e+03 2.766974746919113954e+02
2.930965431185763137e+00 7.159923710090165514e+03 2.774518173194491055e+02
2.944694582228394975e+00 7.638331189699592869e+03 2.793254074851083146e+02
2.958363770340263876e+00 6.659039921470549416e+03 2.829632252631508322e+02
2.971973915305512470e+00 7.246741314540302483e+03 2.849571077169787827e+02
2.985525134568188577e+00 7.410084232210710979e+03 2.848798464685697809e+02
2.999019185123537490e+00 7.674051619591137751e+03 2.860742207800448682e+02
3.012455079991949169e+00 7.011397718650549905e+03 2.877199067097832312e+02
3.025834624501315240e+00 7.422607891032068437e+03 2.853860040976196615e+02
3.039158369749979993e+00 7.750589658692079865e+03 2.816971085864695965e+02
3.052425867945026461e+00 7.494547696646240183e+03 2.809336893497487040e+02
3.065639652191279652e+00 7.288001298038534514e+03 2.833290480344543312e+02
3.078797689858459030e+00 7.668408141747785521e+03 2.847241573637274428e+02
3.091903053438543214e+00 7.622466353104951850e+03 2.835268047421872666e+02
3.104955338646011143e+00 7.588581095234068016e+03 2.822727093101949549e+02
3.117953900033160863e+00 7.369985795603977749e+03 2.833063036508446544e+02
3.130901724555012144e+00 7.183781412879719028e+03 2.873446388423248550e+02
3.143797406996873711e+00 7.421120723175748935e+03 2.918362991487463205e+02
3.156641789019726030e+00 7.702584265785447315e+03 2.921381225045504948e+02
3.169436688246154432e+00 7.613345444896694971e+03 2.898126639451567712e+02
3.182180995947496704e+00 7.590324341370939692e+03 2.888229850225778250e+02
3.194875573555656878e+00 7.810292013478892841e+03 2.906177167013971143e+02
3.207522116998714701e+00 7.550272343681727762e+03 2.950857441040492972e+02
3.220120211590652204e+00 7.659554935880531048e+03 2.989405731850160919e+02
3.232669160532171126e+00 7.657955892363625026e+03 2.985283400082502681e+02
3.245171423952190271e+00 7.518505520905308003e+03 2.933267322626804798e+02
3.257627321471928461e+00 7.432034363306051091e+03 2.881302496702445524e+02
3.270035950601907881e+00 7.706766729215239138e+03 2.849869272933595994e+02
3.282398044410850702e+00 7.301804697009703887e+03 2.837119098420150749e+02
3.294715073357847412e+00 7.362189378821976788e+03 2.833476071870331339e+02
3.306987340854911750e+00 7.325008882042590812e+03 2.840349280032369279e+02
3.319214329125259155e+00 7.861625784993102570e+03 2.838747535669185140e+02
3.331396850219604744e+00 7.326794542506051584e+03 2.844734754673143584e+02
3.343535566775581280e+00 7.008622919770691624e+03 2.866507544227715130e+02
3.355631154259589799e+00 7.396784384356954433e+03 2.893580009080163791e+02
3.367683560152124222e+00 7.548591272770510841e+03 2.908823313359034728e+02
3.379693220736532666e+00 7.294600894955025979e+03 2.904910717896588039e+02
3.391660843859573227e+00 7.933062676121503500e+03 2.903391926715665363e+02
3.403586365609453601e+00 7.201119883385355934e+03 2.907025712223722280e+02
3.415470536133325297e+00 7.332158463638513240e+03 2.923802042557334744e+02
3.427313795034006461e+00 7.306128118148997601e+03 2.943441232131360152e+02
3.439115956864376322e+00 7.270936065488576787e+03 2.962141646066237968e+02
3.450877852189873529e+00 7.279031988027990337e+03 2.988909094419070698e+02
3.462599939105808211e+00 7.611161093678418183e+03 3.003989584518879496e+02
3.474282592763266564e+00 7.069252869253189601e+03 2.138545341956842094e+02
3.491698634555263858e+00 7.417778850362543380e+03 3.061258202686066738e+02
3.514831018710242283e+00 7.441428190528467894e+03 2.163166428113754876e+02
3.537810741530273972e+00 7.024450486255968826e+03 2.146347221136421410e+02
3.560641119237776930e+00 7.238217239400202743e+03 2.144172514957368207e+02
3.583324768539215555e+00 7.443747245507360276e+03 2.154764488326304956e+02
3.605863896712199868e+00 7.364450746996430098e+03 2.146116595399643359e+02
3.628261200718496227e+00 7.547783979854646532e+03 2.163385626405471385e+02
3.650518905463263408e+00 7.356501144880392530e+03 2.189579369735333216e+02
3.672639298837458988e+00 6.894933646275108003e+03 2.213800762980498575e+02
3.694624659575365122e+00 7.490656135926617935e+03 2.217365780134263673e+02
3.716477219066035786e+00 7.629584440286598692e+03 2.237524459446537719e+02
3.738198993603062181e+00 7.354337502361837323e+03 2.253639824995087793e+02
3.759792306736903900e+00 7.844509937780137989e+03 2.262937339944334099e+02
3.781259179319374830e+00 7.637662137187853659e+03 2.293444592949959713e+02
3.802601559474162229e+00 7.628099798446912246e+03 2.314220407826410053e+02
3.823821567133946164e+00 7.588908524898678479e+03 2.329435953271506889e+02
3.844921064242343256e+00 7.532660411740635027e+03 2.339617934691242453e+02
3.865901350299593808e+00 7.434598470466915387e+03 2.357307125885552921e+02
3.886764789767602757e+00 7.628580261180974958e+03 2.362398720108872112e+02
3.907512682448987640e+00 7.414043955115418612e+03 2.389017916467637690e+02
3.928147402175127922e+00 7.237642402790152119e+03 2.424714185935813475e+02
3.948669729509656889e+00 7.162626960479534318e+03 2.448117064040865785e+02
3.969082383239014966e+00 7.723257141967356802e+03 2.478147917916626284e+02
3.989385939999508857e+00 7.325264221810926756e+03 2.058140270572087616e+02
4.014584962638471310e+00 7.442843747858762072e+03 2.570131273946332726e+02
4.034650367215662392e+00 7.494070063417299934e+03 2.600984997616120609e+02
4.054611662574270525e+00 7.500132690717023252e+03 2.630444056508347330e+02
4.074470311192152749e+00 7.423919390614993972e+03 2.682324612910720134e+02
4.094229115711559785e+00 7.575252914769544077e+03 2.762924660425143770e+02
4.113886776569660952e+00 7.479932437411387582e+03 2.799961540202353945e+02
4.133447487718457936e+00 7.310148966276511601e+03 2.795310327368960088e+02
4.152910704517315921e+00 7.409647564428372789e+03 2.820428900372097019e+02
4.172279000890936729e+00 7.581661567434696735e+03 2.837956662071156302e+02
4.191552288392566439e+00 7.134653354404276797e+03 2.856501279485426608e+02
4.210733122777418735e+00 7.070456304114380146e+03 2.946140261781462755e+02
4.229821456511279720e+00 7.292685058056867092e+03 3.005950627970799474e+02
4.248819483214733239e+00 7.228924793637438597e+03 3.028492464660855035e+02
4.267727762159355009e+00 7.079917032488403493e+03 3.060797344225138659e+02
4.286548067743595425e+00 6.942249869986974772e+03 3.075432257062838630e+02
4.305280504975658395e+00 7.291907444090692479e+03 3.097335034552922366e+02
4.323927047007700253e+00 7.215011818989558378e+03 3.144228799765859321e+02
4.342488201588215802e+00 7.168114681910373292e+03 3.200964447040733489e+02
4.360965631280834032e+00 7.254429498481679730e+03 3.234277878116020588e+02
4.379359718873264029e+00 7.158930213484877640e+03 3.295941236237158591e+02
4.397671803670147206e+00 8.124637801455336557e+03 3.379626123007013803e+02
4.415903013359571361e+00 7.564952006420185171e+03 3.425780384396572344e+02
4.434053637347240340e+00 7.545594388855523903e+03 3.451444416967992197e+02
4.452125196145156671e+00 7.455559456930745910e+03 3.510213125441904936e+02
4.474578435854283498e+00 7.443969683525551773e+03 2.971393397618822405e+02
4.501395671133177956e+00 7.142044685312950605e+03 2.990352224773424155e+02
4.528042350821806394e+00 7.321905210634896321e+03 3.018181793760703044e+02
4.554521298168033638e+00 7.101315727749369216e+03 3.083777711125579799e+02
4.580835237609251820e+00 7.537368784008990588e+03 3.090840142012998513e+02
4.606987129191285391e+00 7.031023105194915843e+03 3.110439141144354380e+02
4.632979719434992205e+00 7.331501749861778080e+03 3.146406338178350666e+02
4.658815225748702993e+00 7.262663486557638862e+03 3.230984171060900394e+02
4.684496700707806660e+00 7.416429092941169984e+03 3.271145969261231130e+02
4.710026349716931904e+00 7.702314353753422438e+03 3.237740803973477455e+02
4.735405728465448050e+00 6.880524324245595380e+03 3.388577785233953819e+02
4.760638980267808407e+00 7.538944578806156642e+03 3.414126671877770036e+02
4.785726480964074270e+00 7.339147368832951543e+03 3.407921279372695267e+02
4.810672027591538225e+00 7.226751029760854180e+03 3.553005954516832503e+02
4.835476725171313994e+00 7.569181154517494178e+03 3.586463795116318352e+02
4.860143331317965831e+00 7.926219282202051545e+03 3.751031097477849130e+02
4.888724467577805655e+00 6.912480871334020776e+03 3.733380426138263033e+02
4.913098178863211984e+00 7.043780696846964020e+03 3.783464060184714981e+02
4.937340121877955568e+00 8.020473635433119853e+03 3.915945205986899396e+02
4.961451852580729849e+00 7.451706087731592561e+03 4.010795777959693282e+02
4.985434776679573687e+00 7.516235077114023625e+03 3.874237799656245329e+02
5.009291848731080243e+00 7.804180093867793403e+03 4.054765161171516183e+02
5.033023620673335863e+00 7.247615058724496521e+03 4.132696041064289716e+02
5.056632148009120087e+00 7.518466958069385328e+03 4.066635673027764710e+02
5.080119661303469591e+00 8.328228729089376429e+03 4.116083939947792487e+02
5.103488027538150007e+00 7.118503379355434845e+03 4.143077478430016072e+02
5.126737004070270665e+00 7.369099074324524736e+03 4.367602837766327752e+02
5.149869952737446965e+00 7.093257159571308875e+03 4.569911854413668948e+02
5.172887997903158563e+00 7.275959444591067950e+03 4.624402031829195607e+02
5.195792498151032390e+00 6.970062054848501248e+03 4.730284677586319049e+02
5.218585380372717353e+00 7.476751124417615756e+03 4.752093400130057717e+02
5.241266758884593813e+00 8.172825243798182782e+03 3.495419675228883989e+02
5.297568853064386296e+00 6.602840152839386064e+03 4.663462677737647937e+02
