6.381800011870539802e-01 7.801361272204831039e+03 1.482755034425793610e+03
6.763946124627159273e-01 6.228351993659712207e+03 1.210642930686210093e+03
7.113599417160119120e-01 7.295740019291436511e+03 4.680364425933151438e+02
7.558968723291419334e-01 7.408280912195877136e+03 1.761828377840864448e+02
8.026204307207138733e-01 7.422360580727166962e+03 1.309122163951970492e+02
8.460923525296446535e-01 7.470941927658281202e+03 1.175506807440745831e+02
9.016174536856684796e-01 7.268598881935545251e+03 9.101493674293593017e+01
9.574141169361576331e-01 7.405960972872050661e+03 8.853655840261306764e+01
1.013123880260736964e+00 7.362559544584629293e+03 7.598381834916236244e+01
1.074100184019981530e+00 7.362923202184530965e+03 7.540336762863411479e+01
1.131063948722828449e+00 7.280834495686601258e+03 5.972201055955731164e+01
1.201241382624418597e+00 7.330172982742975364e+03 5.418178686891810258e+01
1.285269521755240785e+00 7.445901947386017127e+03 4.615018846399144792e+01
1.362735090380773784e+00 7.447954919065006834e+03 6.351938060362108729e+01
1.442213323228564770e+00 7.443621337444342316e+03 6.804792504532925079e+01
1.522787330982758203e+00 7.418462376713420781e+03 6.498617649442155653e+01
1.613686243698182032e+00 7.517587604473130341e+03 6.252856801133366815e+01
1.694058352168840820e+00 7.406908262876862864e+03 6.492906523028524646e+01
1.783225147971224001e+00 7.367162583261169857e+03 6.814115617009908021e+01
1.890001703479001538e+00 7.428334313317735905e+03 6.960866214675610308e+01
1.993924181944482399e+00 7.376613758292722196e+03 7.120596222747261095e+01
2.112881396879379814e+00 7.380651826790087398e+03 7.010260736997462061e+01
2.227575253721981063e+00 7.346481736662042749e+03 6.504915806553258051e+01
2.354844110094128862e+00 7.332451560340601645e+03 6.629734827885299353e+01
2.484576328099429521e+00 7.314794536141440403e+03 7.659279457824609949e+01
2.624158643745824637e+00 7.235113436546414050e+03 7.524055305186728049e+01
2.772087476455529664e+00 7.232038658912975734e+03 8.088685095486518151e+01
2.927024104684247785e+00 7.344163512893863299e+03 8.020669182320894208e+01
3.087802173257881755e+00 7.375606739830281185e+03 8.239413553158929915e+01
3.259341587703607157e+00 7.414381170260899125e+03 7.466944987471053707e+01
3.446109838315762453e+00 7.358877943424277873e+03 7.381242575469541123e+01
3.639746369024789985e+00 7.306952524866379463e+03 7.321341773154607324e+01
3.844593668762462446e+00 7.427843383558893038e+03 7.436796776241055795e+01
4.058745267933202783e+00 7.337746680850558732e+03 8.035554681830146251e+01
4.289464354220482889e+00 7.608510082702257023e+03 8.722884193039242007e+01
4.530198165169421642e+00 7.394177130783392386e+03 9.843182765989472216e+01
4.782588308720661985e+00 7.535845071489412476e+03 9.132770084632204544e+01
5.297568853064386296e+00 7.466956099642423396e+03 1.358055272247511027e+02
