6.164592754025000065e-01 1.610749896364261804e+04 9.397777026097555790e+03
6.309059624695696478e-01 9.148301139144108674e+03 4.862106608121081081e+03
6.463372674817218222e-01 6.931622060921978118e+03 2.183594035364337742e+03
6.598340921018954752e-01 7.421384743826382874e+03 1.682345462926600021e+03
6.772936500357926715e-01 6.007625136944629958e+03 1.748556623122237625e+03
6.960514645337118056e-01 5.524961701466674640e+03 8.286213470006198349e+02
7.162247775273986594e-01 7.300002564468274613e+03 4.275001811751775449e+02
7.379718559499781616e-01 7.195786502049205410e+03 3.209009231738945687e+02
7.571791417708775285e-01 7.102459850498407832e+03 2.263536368936683516e+02
7.736538024303456496e-01 7.353404593664068670e+03 2.657691157508079982e+02
7.910188321779356713e-01 7.438673087439257870e+03 2.201406126976580424e+02
8.093325494747086735e-01 7.173382475719565264e+03 1.982728841505468722e+02
8.286520259569880587e-01 7.632520182240176837e+03 1.992802189838171500e+02
8.490382215780508668e-01 7.469161005964121614e+03 1.985527511695292446e+02
8.705466952281402104e-01 7.308285342378250789e+03 1.658446633079591948e+02
8.932314476992230246e-01 7.520554517535662853e+03 1.455100314239259944e+02
9.171482452026029630e-01 7.776116523459816563e+03 1.946361562430498111e+02
9.356328730913335834e-01 7.387808987259884816e+03 1.337432696942683492e+02
9.617979525991906531e-01 7.239175988021821468e+03 1.290208720786032472e+02
9.892939075167537233e-01 7.428072303894994548e+03 1.207367874389594533e+02
1.018142232718033391e+00 7.485052673052171485e+03 1.105047982895020624e+02
1.048338510204907870e+00 7.337956328358794053e+03 1.008301259664848004e+02
1.079863181056680332e+00 7.656650539992659105e+03 9.102669104714226478e+01
1.112682933336081481e+00 7.429385599572123283e+03 8.610424979959114467e+01
1.146739924320385295e+00 7.394400044136117685e+03 8.314803229257734074e+01
1.181955817865088409e+00 7.369749806788332535e+03 7.928087167233957189e+01
1.218241982870620355e+00 7.413555090655750973e+03 7.519200153383076213e+01
1.255487072219028999e+00 7.336143617668160914e+03 7.303375924606255865e+01
1.293575070439301866e+00 7.474359296403394183e+03 7.312123920038726510e+01
1.332381795266669222e+00 7.458271575834395662e+03 8.346069677839594192e+01
1.371779576177344584e+00 7.469841084276810761e+03 9.249117324554303821e+01
1.411642667154039188e+00 7.416611694472797353e+03 9.338902407702188668e+01
1.451848760684135264e+00 7.430378917045586604e+03 9.516927595103507542e+01
1.502437081759170567e+00 7.255309677206458218e+03 7.727281686811562622e+01
1.542992402598031276e+00 7.589117297477602733e+03 1.285935023763083223e+02
1.583557830694467761e+00 7.379852029446249617e+03 8.949816787610014046e+01
1.624052764728846965e+00 7.331075953937142003e+03 8.823508442362636117e+01
1.664407337827391586e+00 7.321532201252911364e+03 8.824783404741444315e+01
1.704561442098839752e+00 7.343225447321760839e+03 9.135216970025658156e+01
1.744465488098975614e+00 7.491134910088373545e+03 9.803632470307044855e+01
1.784077815450477056e+00 7.336876597806275640e+03 1.069348668212008846e+02
1.823365272525937275e+00 7.481793604104312180e+03 1.139792925987989634e+02
1.862301248322963954e+00 7.384608385002497016e+03 9.933638962847537357e+01
1.910335976179713846e+00 7.219252908494607254e+03 1.238406679639742123e+02
1.948410780268062581e+00 7.369529572702606856e+03 1.232117345895612175e+02
1.986085012138774086e+00 7.503270687652294328e+03 1.244198524271161830e+02
2.023352982595174154e+00 7.517185317985716210e+03 1.244747216745597029e+02
2.060210953285588786e+00 7.343978221439422668e+03 1.246879262629844192e+02
2.096656723979871906e+00 7.329215966914963246e+03 1.219228512569921463e+02
2.132691783932629370e+00 7.565368811545104109e+03 1.204173945307426834e+02
2.168317482694236187e+00 7.605393398208181679e+03 1.202170555735028330e+02
2.212144018019823299e+00 7.521568872572827786e+03 9.851101030250812585e+01
2.264081372342278353e+00 7.486585015223702612e+03 1.001024382968840740e+02
2.315141243834590412e+00 7.379804482662611917e+03 1.039975874011938828e+02
2.365345883542822492e+00 7.391541486969832476e+03 1.080023190316126431e+02
2.422724258928000474e+00 7.587309726606194999e+03 1.145267579782075558e+02
2.471163459996308376e+00 7.365250081617999967e+03 1.230215348370221164e+02
2.518827609127623379e+00 7.264097347645809350e+03 1.294775555080109939e+02
2.565738850429323925e+00 7.480345899448821910e+03 1.369282032893761425e+02
2.611925401500533983e+00 7.669407538849561206e+03 1.187203587679630061e+02
2.664783984573551923e+00 7.285842651288098750e+03 1.386284545168398097e+02
2.724240483000433422e+00 7.314948298687501847e+03 1.256213362785858862e+02
2.782552066494011989e+00 7.466511565492045520e+03 1.145201964497740477e+02
2.846712894989696707e+00 7.577511583628485823e+03 1.326049699529089025e+02
2.902767699547200486e+00 7.183548258778187119e+03 1.366960437189951278e+02
2.957831227222222470e+00 7.467979509046849671e+03 1.415019269393043260e+02
3.018510677002413267e+00 7.418656875025489171e+03 1.271547053636513880e+02
3.084749654588727630e+00 7.368498212248477103e+03 1.267531319577120712e+02
3.155935975197082133e+00 7.263256544418054546e+03 1.296803876132437665e+02
3.219448743758789977e+00 7.476219518808022258e+03 1.320398361139672545e+02
3.281759221584199082e+00 7.416209532916190255e+03 1.162150315725446035e+02
3.348858808203031501e+00 7.242110110743161385e+03 1.289496618541569717e+02
3.420707220963679074e+00 7.515620642056065662e+03 1.113810625801505694e+02
3.496758670476989295e+00 7.256321875430316140e+03 1.242998123851186705e+02
3.565626582153803348e+00 7.126022082138884798e+03 1.240051911522664625e+02
3.638628515134032959e+00 7.397640276726188858e+03 1.166508101353376787e+02
3.715742094018262165e+00 7.612145518536075542e+03 1.196759978818502361e+02
3.796474235524430973e+00 7.253486957590330348e+03 1.154797840514643639e+02
3.875476211812848071e+00 7.155628523277016029e+03 1.264533220301139806e+02
3.958068371294608312e+00 7.434208586496723910e+03 1.165756318209939622e+02
4.043793571534236797e+00 7.568042928606227179e+03 1.310011906309434835e+02
4.127657830747600620e+00 7.428760073556290990e+03 1.319425593082077626e+02
4.214657901265137951e+00 7.203551627274884595e+03 1.387532456717792968e+02
4.304375065346189189e+00 7.385109194612290594e+03 1.392872452727715142e+02
4.392148155463299730e+00 7.251277187027775653e+03 1.500208383405486074e+02
4.487040863824939052e+00 7.361500680950521200e+03 1.622867093805461138e+02
4.579826122271821731e+00 7.483403068576597434e+03 1.615572997289278590e+02
4.679183961178653206e+00 7.561653309563308540e+03 1.617814561715243826e+02
4.776304135701257891e+00 7.218054123875573168e+03 1.729458501343308114e+02
4.879492250718396207e+00 7.542925981550942197e+03 1.868081805077288777e+02
4.980341307557722530e+00 7.219296702147293217e+03 1.920000707940224913e+02
5.086796461900617849e+00 7.477516763709337283e+03 1.634646394253443304e+02
5.297568853064386296e+00 7.026973959247887251e+03 2.314987083050315562e+02
