6.024954888205943382e-01 2.506302687979959228e+04 1.810094788091785085e+04
6.069110001174574665e-01 8.450285122243669321e+03 1.793942725617556425e+04
6.114138195510883111e-01 2.977523433291366018e+04 1.789425273004468181e+04
6.160082542888618562e-01 2.313692535176078673e+04 1.781470849905147406e+04
6.207060229416635488e-01 8.001725269802373077e+02 1.384671551419347452e+04
6.255136961328446876e-01 1.982593078816914203e+04 1.124161159743248390e+04
6.304230619844056749e-01 2.671297621551049087e+04 9.426820645960984621e+03
6.354383275891940519e-01 1.320476000326984649e+04 6.244401847191265006e+03
6.405637793507409361e-01 -1.133352249479638203e+03 4.651916374073090083e+03
6.458036706502773283e-01 1.289898019072610623e+04 3.740640732327677597e+03
6.511621496987382018e-01 6.508954415662288739e+03 3.233444146854237715e+03
6.566433617365964315e-01 3.438787984089586189e+03 2.852410770222131305e+03
6.622514729790378585e-01 5.505150679161218250e+03 2.800663571897275688e+03
6.679905160063570602e-01 5.551974419990777278e+03 3.108966869913622304e+03
6.738645135535137332e-01 1.096358390138740106e+04 3.512508952240817052e+03
6.798774834927326927e-01 7.307916105045321274e+03 3.048603635600114558e+03
6.860332854009485448e-01 1.046847512159126018e+04 2.657312760103627170e+03
6.923358270925475955e-01 8.340271608095103147e+03 2.014204859628530130e+03
6.988053151311685030e-01 6.958194521315940619e+03 1.517147809347146676e+03
7.054351170328494458e-01 7.954383838037999340e+03 1.102977731582052684e+03
7.122254455746909185e-01 7.131361345452351998e+03 9.561771926067236791e+02
7.191798349391124168e-01 7.274100964456793008e+03 7.966743240830918467e+02
7.263172675803487577e-01 7.722881945178752176e+03 5.908526102120682708e+02
7.336442399236287049e-01 7.468170739206148937e+03 4.865248473653326755e+02
7.411476866192757695e-01 7.194700444892255291e+03 4.267404752546035525e+02
7.488553698785099799e-01 7.271316496620606813e+03 3.934659334646052571e+02
7.567638769608437954e-01 7.325302922457435670e+03 3.915749512011832394e+02
7.648753543529765997e-01 7.841622539750807846e+03 3.911384654439360702e+02
7.732105969224791764e-01 7.676354526408291349e+03 3.921126865603327474e+02
7.817620224044457000e-01 7.142136454971996500e+03 3.614204803985613808e+02
7.905437278998475037e-01 7.344170600620551340e+03 3.265037846713549925e+02
7.995682990835928372e-01 6.661054082593472231e+03 2.980580991690632118e+02
8.088270674333921662e-01 7.189684262129972922e+03 2.818504084232559421e+02
8.183418088138193491e-01 7.462319124033568187e+03 2.789718959007959143e+02
8.281213710495698432e-01 7.277197655825763832e+03 2.796067657398428992e+02
8.381632252130756244e-01 7.549979057896822269e+03 2.840957912208051539e+02
8.484769844805840622e-01 8.170589526762984860e+03 2.933030741994888899e+02
8.590716213638418530e-01 7.211616084737190249e+03 2.697480894698466045e+02
8.699550721065318903e-01 7.506628883997487719e+03 2.450913953204200766e+02
8.811345691434172567e-01 7.562916953844070122e+03 2.252356687694155255e+02
8.926164059756964697e-01 7.739798372590911640e+03 2.120324979058937913e+02
9.044060161202639447e-01 7.329642782232341233e+03 2.000519151984286168e+02
9.165078232919141588e-01 7.344801118842615324e+03 1.946361562430498111e+02
9.289255380224836767e-01 7.019327214084614752e+03 1.908244418073004738e+02
9.416800844295094564e-01 7.520736022024119848e+03 1.875022613196690315e+02
9.547579228907530080e-01 7.287501814337489122e+03 1.844440865253117749e+02
9.681655972814562361e-01 7.479504544731282294e+03 1.805443593463342609e+02
9.819158207688717388e-01 7.447249274415155924e+03 1.743814170553735892e+02
9.959981927370158417e-01 7.357517959641922971e+03 1.673314001785722382e+02
1.010422217752051210e+00 7.529378821010787760e+03 1.593489254853005548e+02
1.025187182779094597e+00 7.615824286497145295e+03 1.533766004877431897e+02
1.040286272699051162e+00 7.482070199861855144e+03 1.467439487619344618e+02
1.055719828192424714e+00 7.638350187989304686e+03 1.387794047574644765e+02
1.071489837630721143e+00 7.459782872550040338e+03 1.313525135674811679e+02
1.087587716384251335e+00 7.513277930944866057e+03 1.262606517145200797e+02
1.104006533920935951e+00 7.170775979727681261e+03 1.227742331208148840e+02
1.120739524879675875e+00 7.668997885204735212e+03 1.207896020362975236e+02
1.137778150287911627e+00 7.573570622849933898e+03 1.189767796317931925e+02
1.155115821285940703e+00 7.519166549119082447e+03 1.162487939262490926e+02
1.172740323761094494e+00 7.413619574768064922e+03 1.134391365640062759e+02
1.190638059814935978e+00 7.346111360185561352e+03 1.108459778758327730e+02
1.208795814444235894e+00 7.505216604582170476e+03 1.074472588495120959e+02
1.227203827496816446e+00 7.416836493208885258e+03 1.052615122205120457e+02
1.245845905926304731e+00 7.382345869038543242e+03 1.037790514175545127e+02
1.264704614960925566e+00 7.258915735106821558e+03 1.027985917725702762e+02
1.283770316941241774e+00 7.701586214406876934e+03 1.023456262815067248e+02
1.303020361467092769e+00 7.550017661794693595e+03 1.045063096839734413e+02
1.322445525917678166e+00 7.191297228724457455e+03 1.120302221469284234e+02
1.342023720872404180e+00 7.086289803684306207e+03 1.251122001707886966e+02
1.361743229066245453e+00 7.209952953068976058e+03 1.310376730049174512e+02
1.381585470487772804e+00 7.269272934825386983e+03 1.305681331785555983e+02
1.401535431482285210e+00 7.362797713376084175e+03 1.311722604517498780e+02
1.421579040380420267e+00 7.337738691115770962e+03 1.329905438929538377e+02
1.441699863820305572e+00 7.322568942536691793e+03 1.343037095084757482e+02
1.461884107778708364e+00 7.517977257870545145e+03 1.348774847694446919e+02
1.482118480987850040e+00 7.418058253648180653e+03 1.354683459868409443e+02
1.502388965910429031e+00 7.487255189522070395e+03 1.343451788899826624e+02
1.522683417390884086e+00 7.517392024079135808e+03 1.317879939534477103e+02
1.542990055739632771e+00 7.439953272515957906e+03 1.285935023763083223e+02
1.563297528469164588e+00 7.529557311678612677e+03 1.268815127500356255e+02
1.583595839285633744e+00 7.376751076296693100e+03 1.262598212778525664e+02
1.603874798145210612e+00 7.632651253050301420e+03 1.251243906892517259e+02
1.624125605649302972e+00 7.490029612260684189e+03 1.244448884637664321e+02
1.644340133202293330e+00 7.477113570525359137e+03 1.242700853533687990e+02
1.664509690172060186e+00 7.343417873133841567e+03 1.253393476048982933e+02
1.684628047197284761e+00 7.540902750995270253e+03 1.273443506001262620e+02
1.704689070005479978e+00 7.378858406082506008e+03 1.311213122417092620e+02
1.724685462473475983e+00 7.463027246970969827e+03 1.356864474320018132e+02
1.744613194025619540e+00 7.345991800071333273e+03 1.418041844401304843e+02
1.764467155898959749e+00 7.482493568256239087e+03 1.483715203745607880e+02
1.784241906192471250e+00 7.338676152423215171e+03 1.542573702834644962e+02
1.803935659492311938e+00 7.842971415894508937e+03 1.592319164792246227e+02
1.823542436875334571e+00 7.176750484283474179e+03 1.632242000952946910e+02
1.843061536099081188e+00 7.307828856737922251e+03 1.688834388073729826e+02
1.862488638859403078e+00 7.754902532969722415e+03 1.735089205296213208e+02
1.881822248745163462e+00 7.334815390448718972e+03 1.739120959008872376e+02
1.901060059770593336e+00 7.476504173786771389e+03 1.743745119518411570e+02
1.920200597698382472e+00 7.693409521843322182e+03 1.759098610574551458e+02
1.939241644315075286e+00 7.169217331588710294e+03 1.748859177643402063e+02
1.958183313500024614e+00 7.565985357880317679e+03 1.736164136467241974e+02
1.977022697599671641e+00 7.146259013711641273e+03 1.749925130526872010e+02
1.995761500765532048e+00 7.329005154098523235e+03 1.769360298395168343e+02
2.014395791427376459e+00 7.208863837551315555e+03 1.763006227634553227e+02
2.032928379962473109e+00 7.524348512510759974e+03 1.757682606866348749e+02
2.051358218685730872e+00 7.250684968351634780e+03 1.766003780074747453e+02
2.069683267590676667e+00 7.491724368561301162e+03 1.760715212257310895e+02
2.087905942681301141e+00 7.505444962027998372e+03 1.736817193864153808e+02
2.106026115143801114e+00 7.469036144845854324e+03 1.711950096309263927e+02
2.124041838955242678e+00 7.830005238020285105e+03 1.705250740302851966e+02
2.141955229274013384e+00 7.503962667037490974e+03 1.700676702252393397e+02
2.159767139031436134e+00 7.360652330663636349e+03 1.699152509647673810e+02
2.177477625183957599e+00 7.682410664800459926e+03 1.701100969724890604e+02
2.195085561565670140e+00 7.512315425271441200e+03 1.704662428583265807e+02
2.212593126433229695e+00 7.174434769871637400e+03 1.705826686174875420e+02
2.230001292993227580e+00 7.491599149507695074e+03 1.708299181048824380e+02
2.247310294178577639e+00 7.397902702786464943e+03 1.715360382924533553e+02
2.264520897008210465e+00 7.563027505478020430e+03 1.732367393141180969e+02
2.281634192121974269e+00 7.235792468818866837e+03 1.754407708409902966e+02
2.298650096643734209e+00 7.760437650808369654e+03 1.773411875468355561e+02
2.315569618251327011e+00 7.761229176782407194e+03 1.803352341497880502e+02
2.332393966054075563e+00 7.385802563240317795e+03 1.828368309611430220e+02
2.349124392300160569e+00 7.530197264739001184e+03 1.847774111377034103e+02
2.365761590660970359e+00 7.569602782137189024e+03 1.869359952457607790e+02
2.382306244474003520e+00 7.723129947665833242e+03 1.895752371584576679e+02
2.398759508258766271e+00 7.503313626729998759e+03 1.927641829569008962e+02
2.415122148834317528e+00 7.561755871150716303e+03 1.992042897396999592e+02
2.431395426617842581e+00 7.699973041079791074e+03 2.035785821293365530e+02
2.447580109230196310e+00 6.927693482080710055e+03 2.076983729108549142e+02
2.463676971072206179e+00 7.648992124720640277e+03 2.138867000883219589e+02
2.479686927195030144e+00 7.391188809687920184e+03 2.180348118772230919e+02
2.495610574872476395e+00 7.121969690863951655e+03 2.198375267399958091e+02
2.511449436959949377e+00 7.806226523431680107e+03 2.240933078308071345e+02
2.527204771158298779e+00 7.404015005930521511e+03 2.291420216515649884e+02
2.542877441856083998e+00 7.109705677025693149e+03 2.339412659402615020e+02
2.558468269541017914e+00 7.861753472991538729e+03 2.380431948330697765e+02
2.573978247183040580e+00 7.513678008067255178e+03 2.396241037873766118e+02
2.589407280290567215e+00 7.411912604766434924e+03 2.375651347227141343e+02
2.604756759809051747e+00 7.129608158246624953e+03 2.354331236499944566e+02
2.620028263898698473e+00 7.393318004010834557e+03 2.372109475686219184e+02
2.635222994326843704e+00 7.027404421593317238e+03 2.396087933008150799e+02
2.650341380881400699e+00 7.168950812614304596e+03 2.393980745765609868e+02
2.665382533460050052e+00 7.467069022189568386e+03 2.386828464427498204e+02
2.680349665019891692e+00 7.535949720362342305e+03 2.422989017776686183e+02
2.695243719244957870e+00 7.360462341417168318e+03 2.481335524141814517e+02
2.710063686093752811e+00 7.481828280598536367e+03 2.506102094425111488e+02
2.724811209338052098e+00 7.284687441388674415e+03 2.522023300753936610e+02
2.739488539914287646e+00 7.627057176165990313e+03 2.541395101730678050e+02
2.754094632753381955e+00 7.807693053450961997e+03 2.553997943149618948e+02
2.768630360296619131e+00 7.156173726397154496e+03 2.566927578496686806e+02
2.783098432540817235e+00 7.776269927184235712e+03 2.567219570293319180e+02
2.797497053103016995e+00 7.745597088532796988e+03 2.551292524926864189e+02
2.811828794574673385e+00 7.507026281664820090e+03 2.564442527850006286e+02
2.826094628134055320e+00 7.137416374024745892e+03 2.610447290352125833e+02
2.840292923649971879e+00 7.811200794351867444e+03 2.658430474074874041e+02
2.854427969154188727e+00 7.835365131190631473e+03 2.673847172741131999e+02
2.868497040287454780e+00 7.091712014200474187e+03 2.667073869122141332e+02
2.882503565403148560e+00 7.676315586801976679e+03 2.678666364410469782e+02
2.896446389084156969e+00 7.402894651994747619e+03 2.718812196007789908e+02
2.910327357438576179e+00 7.571875859363782183e+03 2.766974746919113954e+02
2.924146689012360856e+00 7.522698484980630383e+03 2.774518173194491055e+02
2.937905235793741632e+00 7.773742313500330965e+03 2.793254074851083146e+02
2.951603504932950095e+00 7.919658066271123971e+03 2.829632252631508322e+02
2.965242475444429093e+00 7.664177497872316053e+03 2.849571077169787827e+02
2.978822304886786565e+00 7.499821289763331151e+03 2.848798464685697809e+02
2.992344325678074846e+00 6.824925046718453814e+03 2.860742207800448682e+02
3.005807793691948060e+00 7.066632557178694697e+03 2.877199067097832312e+02
3.019216065360287971e+00 7.139169091917762671e+03 2.853860040976196615e+02
3.032565834305823493e+00 7.581746733160794975e+03 2.816971085864695965e+02
3.045861455310682420e+00 7.651689429266670231e+03 2.809336893497487040e+02
3.059100674139672016e+00 7.429174494263925226e+03 2.833290480344543312e+02
3.072285901584229428e+00 7.089358000649306632e+03 2.847241573637274428e+02
3.085417849071876439e+00 7.285108782742617223e+03 2.835268047421872666e+02
3.098494705577245600e+00 7.489358199829688601e+03 2.822727093101949549e+02
3.111520205292857000e+00 7.322978129057503793e+03 2.833063036508446544e+02
3.124492828220146290e+00 7.276379255665556229e+03 2.873446388423248550e+02
3.137413094489076570e+00 7.628051149090612853e+03 2.918362991487463205e+02
3.150283243817167289e+00 7.333145426491597391e+03 2.921381225045504948e+02
3.163101985773601132e+00 7.573357213873399814e+03 2.898126639451567712e+02
3.175870483550375489e+00 7.704025163419534692e+03 2.888229850225778250e+02
3.188590132675141131e+00 7.104637868353117483e+03 2.906177167013971143e+02
3.201260006121392721e+00 7.722190294626007017e+03 2.950857441040492972e+02
3.213880663560938711e+00 7.576177835396430964e+03 2.989405731850160919e+02
3.226454101322287826e+00 7.942249916678767477e+03 2.985283400082502681e+02
3.238980417059911687e+00 7.993539153343314865e+03 2.933267322626804798e+02
3.251457657503403098e+00 7.454259043557084624e+03 2.881302496702445524e+02
3.263888746582092715e+00 7.028668079665972073e+03 2.849869272933595994e+02
3.276274225883944791e+00 6.869855186541060903e+03 2.837119098420150749e+02
3.288614243700412665e+00 7.438540028560476458e+03 2.833476071870331339e+02
3.300907342239608244e+00 7.561456096172151774e+03 2.840349280032369279e+02
3.313155920831750034e+00 7.584643669395757570e+03 2.838747535669185140e+02
3.325360438009410835e+00 7.367109403848987313e+03 2.844734754673143584e+02
3.337521316010909622e+00 7.171157406393918791e+03 2.866507544227715130e+02
3.349637779607459454e+00 7.373390173433423115e+03 2.893580009080163791e+02
3.361710695541752170e+00 6.922677349806976963e+03 2.908823313359034728e+02
3.373740992508269976e+00 7.248755792941319669e+03 2.904910717896588039e+02
3.385729340696789436e+00 7.841567357051069848e+03 2.903391926715665363e+02
3.397675745931313163e+00 7.270193444818904027e+03 2.907025712223722280e+02
3.409580695210876033e+00 7.673189117503708985e+03 2.923802042557334744e+02
3.421443390522118211e+00 7.615312875995533432e+03 2.943441232131360152e+02
3.433265326335337875e+00 7.271515368906370895e+03 2.962141646066237968e+02
3.445046894857137332e+00 7.418271314957975846e+03 2.988909094419070698e+02
3.456788523206634434e+00 8.003312356739629649e+03 3.003989584518879496e+02
3.468490378044409628e+00 7.608745720560387781e+03 3.015296280645121669e+02
3.480152983354478646e+00 7.698136179955671651e+03 3.033504384916914205e+02
3.491776662319898694e+00 7.576288576349484174e+03 3.061258202686066738e+02
3.503361025889228042e+00 7.436226971489010793e+03 3.065531294095708859e+02
3.514906891066118089e+00 7.210959689183282535e+03 3.052866038911913051e+02
3.526415010814972995e+00 7.561231952976609136e+03 3.040677835503732354e+02
3.537885375100586316e+00 7.963940233662564424e+03 3.030135917266332513e+02
3.549318421016084635e+00 7.944198338703487025e+03 3.024678960410632840e+02
3.560714591994430300e+00 7.023866382175689978e+03 3.040014048494867325e+02
3.572073950431859934e+00 7.470560701139907906e+03 3.049165819075536206e+02
3.583396863374967545e+00 7.842156466746801925e+03 3.045431887364589443e+02
3.594683839325147900e+00 7.106741756876204818e+03 3.035747833239394140e+02
3.605934945084000365e+00 7.646422828168274464e+03 3.034387008910510986e+02
3.617150486325092729e+00 7.350240058172911631e+03 3.050466855700336168e+02
3.628330930049432190e+00 7.310340324208683342e+03 3.068591038720025495e+02
3.639476501987707557e+00 7.130788562856906537e+03 3.087284036334490906e+02
3.650587456352991644e+00 8.038380376106426411e+03 3.105863950289759714e+02
3.661664139699663423e+00 7.327662524056081566e+03 3.126528723758664796e+02
3.672706880877095070e+00 7.314068092649086793e+03 3.135062568084874215e+02
3.683715596108539270e+00 7.925317938786351988e+03 3.136197982717425248e+02
3.694691141321926331e+00 7.125980805284202688e+03 3.135459663563601680e+02
3.705633358241877229e+00 7.206028867842841464e+03 3.154804248871321875e+02
3.716542438273635618e+00 7.398593738638042851e+03 3.173956117057692836e+02
3.727418953840430760e+00 7.400154243713964206e+03 3.185298204072865360e+02
3.738263296810144798e+00 7.414617912078564586e+03 3.188960909859287653e+02
3.749075177203317288e+00 7.681484279541798969e+03 3.191284975322960236e+02
3.759855548932488745e+00 7.641375319728105751e+03 3.209343495050366073e+02
3.770604103398885520e+00 7.690913912499895559e+03 3.232214767573370864e+02
3.781321316663663001e+00 7.332349391147959977e+03 3.254741383725897208e+02
3.792007686048816772e+00 7.218324350897511067e+03 3.266320079711437074e+02
3.802662809706260472e+00 7.294171611939036666e+03 3.279321727588326780e+02
3.813287581077731581e+00 7.686681640098207026e+03 3.290610332748764222e+02
3.823881802284661457e+00 6.819808518779449514e+03 3.298041843318090400e+02
3.834445843192443082e+00 7.396201652145457956e+03 3.302974002264417663e+02
3.844980324561631857e+00 7.282028929234462339e+03 3.314494345765429557e+02
3.855485047201760551e+00 7.448639248465229684e+03 3.328665480958239868e+02
3.865960326200025499e+00 8.079857594257541678e+03 3.338828728734086440e+02
3.876406032775226773e+00 7.022715351567077960e+03 3.337550080602317166e+02
3.886822376037555316e+00 7.956503982510403148e+03 3.344332667458456854e+02
3.897210241221991556e+00 7.788575036689631816e+03 3.363267721920967119e+02
3.907569253335179571e+00 7.234263129539610418e+03 3.394102222449146780e+02
3.917900051319239463e+00 7.619982769176162947e+03 3.419100735831426618e+02
3.928202988860419520e+00 7.619758270448784060e+03 3.439112421208067758e+02
3.938478132505067286e+00 6.959428753503002554e+03 3.453481811412821685e+02
3.948725551015076274e+00 6.971142957737062716e+03 3.470903255163987069e+02
3.958944737576878925e+00 7.759247759340494667e+03 3.492055022262035209e+02
3.969136470158894703e+00 7.056584244492386460e+03 3.517339594515703993e+02
3.979301337705290376e+00 7.548540277482383317e+03 3.539358724124284095e+02
3.989439215462953214e+00 6.751141039285382249e+03 3.562111955787583497e+02
3.999550452307413462e+00 7.416895606122381650e+03 3.593547757605653032e+02
4.009635409840123010e+00 7.658981940250010666e+03 3.621697565901616827e+02
4.019693854875026950e+00 7.691063685096621157e+03 3.647869393050619351e+02
4.029725233554681374e+00 7.718798763336591946e+03 3.671094163001398556e+02
4.039730709813990295e+00 7.381451417720740210e+03 3.685644456453581483e+02
4.049710835537217335e+00 7.690628715846530213e+03 3.706694601072767341e+02
4.059665324591201774e+00 7.129086520167296840e+03 3.733465538595924045e+02
4.069594924653245904e+00 7.761412325277576201e+03 3.767878442828893526e+02
4.079498091593858788e+00 7.012505951783320597e+03 3.819391879257861433e+02
4.089376051276473412e+00 8.028520744447622747e+03 3.876714265241917019e+02
4.099229786847089052e+00 7.101279398941829641e+03 3.938733854413011386e+02
4.109058660497233006e+00 7.496845344573586772e+03 3.958874479168858898e+02
4.118863306769874555e+00 7.968241298471380105e+03 3.960613245058020766e+02
4.128642405491594225e+00 7.422860257319794073e+03 3.945155826708666496e+02
4.138397501862847605e+00 7.534290021706474363e+03 3.961223261011145951e+02
4.148128891083760372e+00 6.785848015770258826e+03 3.979094489483018720e+02
4.157836314939683753e+00 7.044627554161937951e+03 3.998350739561574301e+02
4.167519625103922820e+00 7.588258508539448485e+03 4.010170749602420983e+02
4.177179003543038505e+00 7.069757423928947901e+03 4.016790791668134943e+02
4.186815506547641341e+00 7.661795807067473106e+03 4.019338092717578661e+02
4.196429110698112197e+00 7.725996409383519676e+03 4.060370482355164654e+02
4.206018416438392471e+00 6.456235148740825025e+03 4.123505717170793332e+02
4.215584951681210946e+00 6.687819514182459898e+03 4.210761870271434759e+02
4.225128755124692326e+00 7.034607906436091071e+03 4.240937787143417950e+02
4.234650739007196130e+00 6.690904348916530580e+03 4.261244718724598215e+02
4.244148614470615755e+00 6.419930818788933720e+03 4.271277127339780009e+02
4.253624496584166081e+00 7.947904299823289875e+03 4.294685654927573637e+02
4.263078794512334291e+00 6.431123115900071753e+03 4.318440930154624198e+02
4.272510211304774153e+00 7.873564191251963166e+03 4.338870991039942169e+02
4.281919085500088151e+00 7.658260338763275286e+03 4.345670091476142716e+02
4.291306909848093376e+00 6.590912885539701165e+03 4.352974787726037675e+02
4.300673397038681678e+00 8.729665055005050817e+03 4.366098715442505522e+02
4.310017340974857447e+00 7.510130220761300734e+03 4.394621809501589951e+02
4.319339734903419270e+00 7.287808354378826152e+03 4.428680321530367223e+02
4.328641924451228640e+00 7.342275272275176576e+03 4.464752702723802145e+02
4.337921953581585832e+00 7.662160317321134244e+03 4.506124023802794341e+02
4.347180696976718828e+00 8.123151191360212579e+03 4.547847485939512353e+02
4.356419535277230359e+00 7.928331433013436254e+03 4.560590418530071020e+02
4.365636668273011445e+00 7.012404932639776234e+03 4.587442237580830806e+02
4.374833119925476410e+00 7.152164360907691844e+03 4.628415486223450444e+02
4.384009308980081343e+00 7.186111794757371172e+03 4.694588545106576589e+02
4.393165179011167432e+00 7.086908091802458330e+03 4.756126008049830602e+02
4.402299902469296811e+00 7.924617300291351057e+03 4.803232723427215092e+02
4.411415439780623338e+00 6.963903036457903909e+03 4.833321303047326296e+02
4.420510487414818002e+00 7.649138556444107053e+03 4.856327001738722515e+02
4.429585097721315812e+00 7.691777624081166323e+03 4.870596735629632690e+02
4.438640847707974402e+00 7.036401836637311135e+03 4.891627038106901750e+02
4.447675963596198656e+00 7.587377956383191304e+03 4.918357008887799111e+02
4.456691834913858230e+00 6.965194556068182465e+03 5.011265580142994622e+02
4.465688731178857118e+00 7.479003576640172469e+03 5.097725756662148342e+02
4.474665294568997531e+00 7.060840152629593831e+03 5.162116959988122744e+02
4.483622913887916894e+00 6.351060570514116989e+03 5.181029369569459959e+02
4.492562159077411188e+00 7.947268086404481437e+03 5.181818158567496084e+02
4.501480908112369228e+00 8.032893111088420483e+03 5.172638326696679769e+02
4.510381953673955557e+00 7.121202113104618547e+03 5.183889158778123374e+02
4.519263383849764004e+00 6.876286245366276489e+03 5.209034654872416468e+02
4.528126047697357492e+00 6.926108961563734738e+03 5.226363023046326362e+02
4.536971309778443207e+00 7.268545162846629864e+03 5.247738959541060240e+02
4.545796048111036214e+00 7.097569270469737603e+03 5.288310521619539486e+02
4.554603793531243561e+00 7.286896555777024332e+03 5.339138582398416020e+02
4.563392596493700104e+00 7.260475032225847826e+03 5.397923673340477535e+02
4.572163267309925949e+00 7.946519180512376806e+03 5.384774423467438282e+02
4.580916548638709784e+00 7.105084816311238683e+03 5.359013939699698312e+02
4.589650618390429315e+00 6.322079308444500384e+03 5.317302422062653022e+02
4.598367689312868656e+00 6.861590754557295440e+03 5.336121900297702041e+02
4.607066681687260967e+00 7.834146149144896299e+03 5.395470305527336450e+02
4.615747899576960300e+00 7.842996173785057181e+03 5.431955604482693616e+02
4.624412279277495763e+00 7.160608142093932656e+03 5.452984611020722241e+02
4.633057709743861885e+00 6.016319996526894101e+03 5.435613424023679272e+02
4.641687442923594809e+00 7.426849732229990877e+03 5.460694547809237065e+02
4.650298135345599881e+00 7.239543279883326250e+03 5.517391113037908781e+02
4.658892757182722555e+00 7.371858163063380744e+03 5.599458174356537938e+02
4.667469434827050456e+00 7.301909334310424128e+03 5.674965329229730742e+02
4.676029330655726568e+00 7.921873144953111478e+03 5.704893455462691918e+02
4.684572741753544101e+00 7.368230724458498116e+03 5.682029956432986637e+02
4.693098614655464296e+00 7.977393936844269774e+03 5.611628472219256309e+02
4.701608689094963545e+00 7.025892008038706081e+03 5.583569279660160873e+02
4.710100644232890765e+00 8.169532951223791315e+03 5.576852406712927177e+02
4.718577614410938814e+00 7.619991069295936541e+03 5.664561985013542653e+02
4.727036185793213718e+00 7.945954776873011724e+03 5.767225572705536933e+02
4.735479957680318819e+00 8.917705916660988805e+03 5.891790038450271823e+02
4.743905994140831694e+00 7.348233583845806606e+03 5.952850293171665044e+02
4.752316980729044182e+00 7.066316479267890827e+03 5.948416750011243721e+02
4.760710812698005334e+00 8.287620911849913682e+03 5.911443913090121214e+02
4.769089420490750797e+00 7.848331335868442693e+03 5.881000900247540812e+02
4.777451373718597516e+00 7.497038127573714519e+03 5.863005764246554463e+02
4.785798002855298883e+00 7.404044921315959073e+03 5.887343971132331717e+02
4.794128398497018217e+00 6.873342216822763476e+03 5.958901340244221956e+02
4.802443376368349170e+00 6.667888214749908911e+03 6.072233908851331989e+02
4.810742149230142317e+00 6.153769587440884607e+03 6.205465130895443053e+02
4.819025617446342835e+00 8.099898247593207998e+03 6.186632614382243673e+02
4.827293465386820692e+00 7.342265737491528853e+03 6.175327602215684237e+02
4.835546052327778455e+00 7.395721083781408197e+03 6.194762950696593862e+02
4.843782906991199511e+00 6.739010869010538045e+03 6.266755625784604717e+02
4.852004756317374934e+00 6.903096294087550632e+03 6.400774459551938662e+02
4.860211301112485671e+00 7.508857396926210640e+03 6.502810765790907226e+02
4.868402776861874948e+00 6.167249143468289731e+03 6.591213849942973866e+02
4.876578940746790103e+00 6.996418627167851810e+03 6.515060243367630619e+02
4.884740610308153208e+00 7.139524581681604104e+03 6.444386016445657788e+02
4.892886694471238584e+00 7.457027202310588109e+03 6.440517311418558393e+02
4.901018676004912145e+00 7.176236876452447177e+03 6.471870294507016297e+02
4.909134977771611119e+00 7.466320373607675720e+03 6.560669083661497325e+02
4.917237634043125638e+00 6.392920069170141687e+03 6.629555043552345523e+02
4.925324446630525266e+00 6.334432102232530269e+03 6.684162018775308525e+02
4.933398134829127812e+00 7.612844187486553892e+03 6.779384002248291381e+02
4.941455747418270761e+00 6.721829847960571897e+03 6.888534408010186780e+02
4.949500574148831156e+00 7.774230758819695438e+03 6.973586611020560895e+02
4.957529272260982722e+00 8.831248744730515682e+03 7.011526409714565489e+02
4.965545265984300016e+00 7.602160146070185874e+03 6.858126940169290719e+02
4.973545738131229577e+00 8.125073080051375655e+03 6.742119371149381095e+02
4.981533127718194010e+00 6.778593375841671332e+03 6.677510482649438472e+02
4.989505570332331885e+00 6.193568700586482009e+03 6.711929185097396839e+02
4.997464544786359930e+00 8.035545668559766455e+03 6.825564754156829395e+02
5.005409447756558272e+00 7.081016688054601218e+03 7.074487789233735384e+02
5.013340281098163764e+00 6.758361684440285899e+03 7.182317234985396226e+02
5.021257830036362613e+00 7.285452980505436244e+03 7.181251257442236238e+02
5.029160621649585217e+00 5.159870753544146282e+03 7.166826176037764071e+02
5.037050569743966477e+00 7.226585759800565029e+03 7.126350555563032003e+02
5.044926341689747851e+00 5.613528629120287405e+03 7.082119154247683355e+02
5.052788665119484435e+00 7.326385115074605892e+03 7.025993375853275893e+02
5.060637793590113453e+00 8.213813420620395846e+03 7.023173947889184774e+02
5.068472910824403321e+00 6.487735901642810859e+03 7.102150777115754181e+02
5.076295801406098818e+00 6.863899745361753958e+03 7.141310786313466679e+02
5.084103674368654069e+00 6.967135961590770421e+03 7.144551762069512506e+02
5.091899712598682903e+00 7.107003191257957042e+03 7.145411947554642893e+02
5.099681505093992762e+00 8.296872069191675109e+03 7.145860931338137334e+02
5.107450657487454748e+00 7.087795747331328130e+03 7.237860774210313366e+02
5.115207056598135793e+00 7.269235527906165771e+03 7.349929425266602721e+02
5.122949443628000310e+00 7.041717450702241877e+03 7.567348641418924444e+02
5.130680253670200308e+00 6.556880587051866314e+03 7.795162671427959822e+02
5.138396688682078661e+00 6.872921767296663347e+03 7.858916580039664268e+02
5.146101168408605098e+00 6.333105644479877810e+03 7.919686760558558944e+02
5.153792503046548568e+00 7.810029498997425435e+03 7.968377943895617364e+02
5.161470922892684499e+00 6.838716987707195585e+03 8.001404959928496510e+02
5.169137380954161642e+00 6.505927561216598406e+03 7.997586789915193322e+02
5.176790461846893621e+00 7.150706350391255000e+03 8.030212528505867340e+02
5.184431084171856163e+00 6.537826449840422356e+03 8.117505909463628768e+02
5.192059796083041689e+00 6.928112981774898799e+03 8.196836938044683620e+02
5.199674827397712917e+00 8.140013591264750175e+03 8.266759518082121758e+02
5.207278575337390691e+00 8.530236814611751470e+03 8.236253148457905127e+02
5.214869140309796869e+00 8.128821961537642892e+03 8.216814885197788954e+02
5.222447615347904026e+00 7.175153938717133315e+03 8.239582767361198421e+02
5.230015006897814622e+00 7.627102919894827210e+03 8.282212076387795605e+02
5.237568466208088580e+00 8.001559603404467452e+03 8.379407617719393784e+02
5.245110964662393016e+00 6.676194903200404951e+03 8.496384751511096738e+02
5.252640889229666321e+00 7.632971886478451779e+03 8.610643154002337951e+02
5.260158396991502450e+00 8.212737090966180403e+03 8.727960267849995262e+02
5.267664377459389868e+00 8.052240155828804745e+03 8.917160543485821336e+02
5.275158341451031241e+00 7.733924910815013391e+03 9.123524650997042045e+02
5.282639970089038961e+00 7.554051561325638431e+03 9.256508903453648145e+02
5.290110882103223666e+00 8.711334399214742007e+03 9.391251851463603089e+02
5.297568853064386296e+00 6.914002718889935750e+03 9.550502625786999715e+02
