6.381800011870539802e-01 7.613118132458555920e+03 1.482741534203837091e+03
6.763946124627159273e-01 6.219819250738596565e+03 1.210608450019343991e+03
7.113599417160119120e-01 7.645101382281402948e+03 4.679878508821593073e+02
7.558968723291419334e-01 7.090102080316816682e+03 1.761803567584453845e+02
8.026204307207138733e-01 7.626957972286847507e+03 1.309005457444844467e+02
8.460923525296446535e-01 7.482380163809272744e+03 1.175437214089338909e+02
9.016174536856684796e-01 7.848200196232515736e+03 9.098872686929142617e+01
9.574141169361576331e-01 7.979034779088511641e+03 8.849960729346571497e+01
1.013123880260736964e+00 7.339335387378251653e+03 7.598112711824954602e+01
1.074100184019981530e+00 7.507362261686365855e+03 7.540008082688689228e+01
1.131063948722828449e+00 8.393356504388777466e+03 5.968764499141166624e+01
1.201241382624418597e+00 7.886812118206720697e+03 5.416875581262404182e+01
1.285269521755240785e+00 7.498437270551648908e+03 4.614615680922423024e+01
1.362735090380773784e+00 8.694873439142644202e+03 6.346835557354647506e+01
1.442213323228564770e+00 8.727434564111199506e+03 6.799044068403718200e+01
1.522787330982758203e+00 7.603077742565457811e+03 6.497819554052894375e+01
1.613686243698182032e+00 7.325297871470306745e+03 6.252734053253166024e+01
1.694058352168840820e+00 7.670807371025428438e+03 6.491710457944083146e+01
1.783225147971224001e+00 8.240561765362683218e+03 6.810637939582261424e+01
1.890001703479001538e+00 8.669373713481463710e+03 6.955881041233125472e+01
1.993924181944482399e+00 7.939846642928422625e+03 7.118379670199189491e+01
2.112881396879379814e+00 7.516323120540460877e+03 7.009725651622052567e+01
2.227575253721981063e+00 7.407891534139217583e+03 6.504693566717148201e+01
2.354844110094128862e+00 7.893857069150765710e+03 6.627841722787501055e+01
2.484576328099429521e+00 8.724649084485070489e+03 7.654026765638704433e+01
2.624158643745824637e+00 8.753230074239789246e+03 7.517730252702735072e+01
2.772087476455529664e+00 8.578372967631670690e+03 8.082601978328042946e+01
2.927024104684247785e+00 8.558989837998475195e+03 8.015303301156603766e+01
3.087802173257881755e+00 8.262650734422417372e+03 8.235799793280790482e+01
3.259341587703607157e+00 8.035085022379034854e+03 7.464124118624985726e+01
3.446109838315762453e+00 7.957585571642354807e+03 7.378627026529223087e+01
3.639746369024789985e+00 7.684012621174846572e+03 7.319917246367823793e+01
3.844593668762462446e+00 7.580869751016930422e+03 7.435768597559753346e+01
4.058745267933202783e+00 7.583478720844465897e+03 8.034930323845226496e+01
4.289464354220482889e+00 7.907945114906074195e+03 8.721290543241023840e+01
4.530198165169421642e+00 7.984346642074247939e+03 9.840472825387236355e+01
4.782588308720661985e+00 8.088730568210534329e+03 9.129756509943197784e+01
5.297568853064386296e+00 7.986483677784499378e+03 1.357563567800470139e+02
