6.024954888205943382e-01 2.514691693649787794e+03 3.648942605067778118e+02
6.069110001174574665e-01 3.252184133277659384e+03 3.589623353118306568e+02
6.114138195510883111e-01 3.433245511610345602e+03 3.544747619128865495e+02
6.160082542888618562e-01 2.979845082763672508e+03 3.499740714068359466e+02
6.207060229416635488e-01 2.831640519362923442e+03 3.335385628772686459e+02
6.255136961328446876e-01 3.035906557940807488e+03 3.185645691138506095e+02
6.304230619844056749e-01 3.284236187788204006e+03 3.051485584730328355e+02
6.354383275891940519e-01 3.056946327282229504e+03 2.926169086247885502e+02
6.405637793507409361e-01 2.756019871321022038e+03 2.812299561327921538e+02
6.458036706502773283e-01 2.970035580654435762e+03 2.685704102877375021e+02
6.511621496987382018e-01 3.351119020972878388e+03 2.447355384356519608e+02
6.566433617365964315e-01 2.955993960785390300e+03 2.258600516841525518e+02
6.622514729790378585e-01 3.223438772036068713e+03 2.148516626041842983e+02
6.679905160063570602e-01 3.412471281276590162e+03 2.099728893328684194e+02
6.738645135535137332e-01 3.270571192904325926e+03 2.053333173387471220e+02
6.798774834927326927e-01 2.805875573657494897e+03 2.001658157819205712e+02
6.860332854009485448e-01 3.294323313348006195e+03 1.951342805721833429e+02
6.923358270925475955e-01 2.967636687783484376e+03 1.797000146886620371e+02
6.988053151311685030e-01 3.081667018227378776e+03 1.614667099294728416e+02
7.054351170328494458e-01 3.328884312428246176e+03 1.418217098805828300e+02
7.122254455746909185e-01 3.368448424767409961e+03 1.351583267047798813e+02
7.191798349391124168e-01 3.260980581111961783e+03 1.281161054148485050e+02
7.263172675803487577e-01 3.276504495717882037e+03 1.183895983583156806e+02
7.336442399236287049e-01 3.398355703565655858e+03 1.106620428447968578e+02
7.411476866192757695e-01 3.318521804241111113e+03 1.051320379418511806e+02
7.488553698785099799e-01 3.327137941586286615e+03 1.010865451777150099e+02
7.567638769608437954e-01 3.161837527164505445e+03 9.950980286983784140e+01
7.648753543529765997e-01 3.147924486207723476e+03 9.827191716500453822e+01
7.732105969224791764e-01 3.250096278263503336e+03 9.739959590583485749e+01
7.817620224044457000e-01 3.265809186854210566e+03 9.536016951811393483e+01
7.905437278998475037e-01 3.251863909328571481e+03 9.291132508755465835e+01
7.995682990835928372e-01 3.230976477709701612e+03 9.043991194804385714e+01
8.088270674333921662e-01 3.344277321787308665e+03 8.709474950956266071e+01
8.183418088138193491e-01 3.359478104404841361e+03 8.473240327341700606e+01
8.281213710495698432e-01 3.250557950276235260e+03 8.356066254786435366e+01
8.381632252130756244e-01 3.295833382064918169e+03 8.280853998260715798e+01
8.484769844805840622e-01 3.145390432753819368e+03 8.239086332857411321e+01
8.590716213638418530e-01 3.283337027348263291e+03 8.024096209068535757e+01
8.699550721065318903e-01 3.140179887370394226e+03 7.816903452166410204e+01
8.811345691434172567e-01 3.079537151886315314e+03 7.634903196566162364e+01
8.926164059756964697e-01 3.136699777314234780e+03 7.483588077403085492e+01
9.044060161202639447e-01 3.120911321708602827e+03 7.219887938641790015e+01
9.165078232919141588e-01 3.278937562853598138e+03 7.018317292262746321e+01
9.289255380224836767e-01 3.117944778891418537e+03 6.855942171914803396e+01
9.416800844295094564e-01 3.341624743823727385e+03 6.700279289715520292e+01
9.547579228907530080e-01 3.176148856580041866e+03 6.545762373727535532e+01
9.681655972814562361e-01 3.136283401349632186e+03 6.395236259295822379e+01
9.819158207688717388e-01 3.175814589915908982e+03 6.229430313429141819e+01
9.959981927370158417e-01 3.129999497900937058e+03 6.022414642513314931e+01
1.010422217752051210e+00 3.261557669711941344e+03 5.801340298118029892e+01
1.025187182779094597e+00 3.278310055815083160e+03 5.644405253190587501e+01
1.040286272699051162e+00 3.109595502438512995e+03 5.503016878243040111e+01
1.055719828192424714e+00 3.164615171351433219e+03 5.367207719689110945e+01
1.071489837630721143e+00 3.305201836744319735e+03 5.230687098528399304e+01
1.087587716384251335e+00 3.091717672701625816e+03 5.099923430802654423e+01
1.104006533920935951e+00 3.268289908856260354e+03 4.971068970016402488e+01
1.120739524879675875e+00 3.344284476515203551e+03 4.876848750186935177e+01
1.137778150287911627e+00 3.202410552501140501e+03 4.793361728142417633e+01
1.155115821285940703e+00 3.174998187773764585e+03 4.699049025524880818e+01
1.172740323761094494e+00 3.272374730662581896e+03 4.611034954093626226e+01
1.190638059814935978e+00 3.220884703983554573e+03 4.547115782503230008e+01
1.208795814444235894e+00 3.237997684786757418e+03 4.490405665711983829e+01
1.227203827496816446e+00 3.239327428044488443e+03 4.454417419272534318e+01
1.245845905926304731e+00 3.133796079429002475e+03 4.425008620346616084e+01
1.264704614960925566e+00 3.246938653943899226e+03 4.412054898801236646e+01
1.283770316941241774e+00 3.222457610307015784e+03 4.434061923086568413e+01
1.303020361467092769e+00 3.220476776673935092e+03 4.501084495235068061e+01
1.322445525917678166e+00 3.269282906944089063e+03 4.527672961951459030e+01
1.342023720872404180e+00 3.221924296559452614e+03 4.513164355117268656e+01
1.361743229066245453e+00 3.241879685537855494e+03 4.506163155737957737e+01
1.381585470487772804e+00 3.169828578451565591e+03 4.528071231853846257e+01
1.401535431482285210e+00 3.166848316634020648e+03 4.580022465064673298e+01
1.421579040380420267e+00 3.295868088813047962e+03 4.616398437684679834e+01
1.441699863820305572e+00 3.237874699026556755e+03 4.613805055623535623e+01
1.461884107778708364e+00 3.149806629619206433e+03 4.596002849089812514e+01
1.482118480987850040e+00 3.139728281567140129e+03 4.603601655844392582e+01
1.502388965910429031e+00 3.206147284533903985e+03 4.614005002385140841e+01
1.522683417390884086e+00 3.134154337422745812e+03 4.614462304048231545e+01
1.542990055739632771e+00 3.249231446852674708e+03 4.601552264988932706e+01
1.563297528469164588e+00 3.160247045436547978e+03 4.599905237304468386e+01
1.583595839285633744e+00 3.198650347324056384e+03 4.606600518979520587e+01
1.603874798145210612e+00 3.241319925761039485e+03 4.612146832757260739e+01
1.624125605649302972e+00 3.147026673300343646e+03 4.643503491239047065e+01
1.644340133202293330e+00 3.221429168748505163e+03 4.705117590386837634e+01
1.664509690172060186e+00 3.220061522202617198e+03 4.796180409970681069e+01
1.684628047197284761e+00 3.188572567404582969e+03 4.837817368106000515e+01
1.704689070005479978e+00 3.245444074871541488e+03 4.825720165789253713e+01
1.724685462473475983e+00 3.227587502689303619e+03 4.866492404174056929e+01
1.744613194025619540e+00 3.215922531081482248e+03 4.943598298450494610e+01
1.764467155898959749e+00 3.115192251715151087e+03 5.031275589649453650e+01
1.784241906192471250e+00 3.162406182198301394e+03 5.116545200869427390e+01
1.803935659492311938e+00 3.157194524666034795e+03 5.213223722897366486e+01
1.823542436875334571e+00 3.288946085042877257e+03 5.297726579039038342e+01
1.843061536099081188e+00 3.157968239023678962e+03 5.395895757878250976e+01
1.862488638859403078e+00 3.319016896409326364e+03 5.514416129936341804e+01
1.881822248745163462e+00 3.298517197374629177e+03 5.597060954082183315e+01
1.901060059770593336e+00 3.280571178335390869e+03 5.610864719382099963e+01
1.920200597698382472e+00 3.316656090348723410e+03 5.645897898032785633e+01
1.939241644315075286e+00 3.264362615771681703e+03 5.772742706166880566e+01
1.958183313500024614e+00 3.235189045834111766e+03 5.923626022474726227e+01
1.977022697599671641e+00 3.202491922794687980e+03 5.984968628447199279e+01
1.995761500765532048e+00 3.176934611943007440e+03 5.959388047205796823e+01
2.014395791427376459e+00 3.200790526175660034e+03 5.901689841351462462e+01
2.032928379962473109e+00 3.169098439819911164e+03 5.909596005149995079e+01
2.051358218685730872e+00 3.220407947229442016e+03 5.968468226309483526e+01
2.069683267590676667e+00 3.192892626861928875e+03 6.046435279427876708e+01
2.087905942681301141e+00 3.127634761771506419e+03 6.099141275263643536e+01
2.106026115143801114e+00 3.226011359253854607e+03 6.135941469393906544e+01
2.124041838955242678e+00 3.252314124975151572e+03 6.160268775367567429e+01
2.141955229274013384e+00 3.319000865233696913e+03 6.161899175566147591e+01
2.159767139031436134e+00 3.281506045459192592e+03 6.169002725516547514e+01
2.177477625183957599e+00 3.194689735386123630e+03 6.198203904234923556e+01
2.195085561565670140e+00 3.190226423286441332e+03 6.235059590394241269e+01
2.212593126433229695e+00 3.118137313167663706e+03 6.283514929496419654e+01
2.230001292993227580e+00 3.184615729162940625e+03 6.326285434080374159e+01
2.247310294178577639e+00 3.293407243173519419e+03 6.353896234539217858e+01
2.264520897008210465e+00 3.173788033608817841e+03 6.392653267926061744e+01
2.281634192121974269e+00 3.185968585215345229e+03 6.463304823279540301e+01
2.298650096643734209e+00 3.213055019031574375e+03 6.546960605281446988e+01
2.315569618251327011e+00 3.016437675919487447e+03 6.675121483331786010e+01
2.332393966054075563e+00 3.311160936441658578e+03 6.776978268371789227e+01
2.349124392300160569e+00 3.092999780858961458e+03 6.876320044169079893e+01
2.365761590660970359e+00 3.130612345239509523e+03 6.986778942066787579e+01
2.382306244474003520e+00 3.296883259974000794e+03 7.080961863475472740e+01
2.398759508258766271e+00 3.200713091247262128e+03 7.142413147854176714e+01
2.415122148834317528e+00 3.209817535978902924e+03 7.265290426087972264e+01
2.431395426617842581e+00 3.200911464174062985e+03 7.428077942699621872e+01
2.447580109230196310e+00 3.191867155919065226e+03 7.646598138573519066e+01
2.463676971072206179e+00 3.325721038256107022e+03 7.948666756785323173e+01
2.479686927195030144e+00 3.208817036139589618e+03 8.229474366642922689e+01
2.495610574872476395e+00 3.181682337825342529e+03 8.386799520780500927e+01
2.511449436959949377e+00 3.433790121033442119e+03 8.445772255321377031e+01
2.527204771158298779e+00 3.235419310074489658e+03 8.438969910531547214e+01
2.542877441856083998e+00 3.133032548267112816e+03 8.464663260593235350e+01
2.558468269541017914e+00 3.024176800614557123e+03 8.522784758421086337e+01
2.573978247183040580e+00 3.246130420838323971e+03 8.470801986833338049e+01
2.589407280290567215e+00 3.027102621423417986e+03 8.389688928088382625e+01
2.604756759809051747e+00 3.105843739579570411e+03 8.426007334992321773e+01
2.620028263898698473e+00 3.295619083022753330e+03 8.504765408521254244e+01
2.635222994326843704e+00 3.317282484313066107e+03 8.546899302176448998e+01
2.650341380881400699e+00 3.262632554617447568e+03 8.580746780856151190e+01
2.665382533460050052e+00 3.284089136042757218e+03 8.664830611637540869e+01
2.680349665019891692e+00 3.164227189687316695e+03 8.736530821032511085e+01
2.695243719244957870e+00 3.169452305622630774e+03 8.772507597712909444e+01
2.710063686093752811e+00 3.186497406510868586e+03 8.881410880760275006e+01
2.724811209338052098e+00 3.090165541180866967e+03 8.966495644240256979e+01
2.739488539914287646e+00 3.317771362417201544e+03 8.974247896551818826e+01
2.754094632753381955e+00 3.103300221220777985e+03 8.987901677714748416e+01
2.768630360296619131e+00 3.389497768598639595e+03 9.087950233337105033e+01
2.783098432540817235e+00 3.120662179637336067e+03 9.233225804321673991e+01
2.797497053103016995e+00 3.075781854478535934e+03 9.363325375032668774e+01
2.811828794574673385e+00 3.226069239056575498e+03 9.446782319582577259e+01
2.826094628134055320e+00 3.227833790514791872e+03 9.502693556442581269e+01
2.840292923649971879e+00 3.152583069339170379e+03 9.585063589587032595e+01
2.854427969154188727e+00 3.068333617878217410e+03 9.721207636997880286e+01
2.868497040287454780e+00 3.123565166026953648e+03 9.845535978301870728e+01
2.882503565403148560e+00 3.201686267627380403e+03 9.858183991349672226e+01
2.896446389084156969e+00 3.130808446325554542e+03 9.799803882577437264e+01
2.910327357438576179e+00 3.086881903581207553e+03 9.831951606474598293e+01
2.924146689012360856e+00 3.301612784736677440e+03 9.895852470370016363e+01
2.937905235793741632e+00 3.243412496368564007e+03 9.949996402399725071e+01
2.951603504932950095e+00 3.094717193248120111e+03 1.010718033872937269e+02
2.965242475444429093e+00 3.059143421445141485e+03 1.031456086902187508e+02
2.978822304886786565e+00 3.203569182909540814e+03 1.046036949077682721e+02
2.992344325678074846e+00 2.960295092677300545e+03 1.055476681919969195e+02
3.005807793691948060e+00 3.269892035175777892e+03 1.066179214375729316e+02
3.019216065360287971e+00 3.164701126230149839e+03 1.071553372800296842e+02
3.032565834305823493e+00 3.268705253284779246e+03 1.072700825226030759e+02
3.045861455310682420e+00 3.042343308168034582e+03 1.075984407930062901e+02
3.059100674139672016e+00 3.108635353640970152e+03 1.088096871548725062e+02
3.072285901584229428e+00 3.259317429945527692e+03 1.105284053965698803e+02
3.085417849071876439e+00 3.317966681768270973e+03 1.114769371042129791e+02
3.098494705577245600e+00 3.346267990108543927e+03 1.117362754610427089e+02
3.111520205292857000e+00 3.277397548022719093e+03 1.117878173915607221e+02
3.124492828220146290e+00 3.188078189888557972e+03 1.115870160355150915e+02
3.137413094489076570e+00 3.200451934447424719e+03 1.120050219396916731e+02
3.150283243817167289e+00 3.223361707343325179e+03 1.129230322238700523e+02
3.163101985773601132e+00 3.062552327993635572e+03 1.137108154629525671e+02
3.175870483550375489e+00 3.254281249165939698e+03 1.144528858804165878e+02
3.188590132675141131e+00 3.257992106579736173e+03 1.156242582153020493e+02
3.201260006121392721e+00 3.233761011168801815e+03 1.174650568660773331e+02
3.213880663560938711e+00 3.050461597992381030e+03 1.179518011233459163e+02
3.226454101322287826e+00 3.120594132733089737e+03 1.180346779956072538e+02
3.238980417059911687e+00 3.227286187333896578e+03 1.172344873073377016e+02
3.251457657503403098e+00 3.141208599819709889e+03 1.163009820011470197e+02
3.263888746582092715e+00 3.077759521233203941e+03 1.157892990213025399e+02
3.276274225883944791e+00 3.065128240657104925e+03 1.158355484326325069e+02
3.288614243700412665e+00 3.231500733425211820e+03 1.162539177066383047e+02
3.300907342239608244e+00 3.049066795590240417e+03 1.170883559003651015e+02
3.313155920831750034e+00 3.386143178961058311e+03 1.183666078695601129e+02
3.325360438009410835e+00 3.172965026495706297e+03 1.194340423487873579e+02
3.337521316010909622e+00 3.290150150818241400e+03 1.199412805794689660e+02
3.349637779607459454e+00 3.097741930585279988e+03 1.199892411526303846e+02
3.361710695541752170e+00 3.097623484153260961e+03 1.199566610246875058e+02
3.373740992508269976e+00 2.981273653435746382e+03 1.201573122551067314e+02
3.385729340696789436e+00 3.305199811269546444e+03 1.206988307259913711e+02
3.397675745931313163e+00 3.426238217024063488e+03 1.215413647417724974e+02
3.409580695210876033e+00 3.236795616262425483e+03 1.224400227440114293e+02
3.421443390522118211e+00 3.255091840204050641e+03 1.228355546417219131e+02
3.433265326335337875e+00 3.084515727122708995e+03 1.230801254552350059e+02
3.445046894857137332e+00 3.260289996025138407e+03 1.236240039223857963e+02
3.456788523206634434e+00 3.289773485599437663e+03 1.243133007939823074e+02
3.468490378044409628e+00 3.360445717193529617e+03 1.248883256580262611e+02
3.480152983354478646e+00 3.348089714269284741e+03 1.253799613198071512e+02
3.491776662319898694e+00 3.019086655988520306e+03 1.259299927939435690e+02
3.503361025889228042e+00 3.269939526084383942e+03 1.271074967268263407e+02
3.514906891066118089e+00 3.253179719653361644e+03 1.282673403140974244e+02
3.526415010814972995e+00 3.180664496913723269e+03 1.289613844194759054e+02
3.537885375100586316e+00 3.087021660491634520e+03 1.293598236526777328e+02
3.549318421016084635e+00 3.062545370259532319e+03 1.298123259053119796e+02
3.560714591994430300e+00 3.286427852136217098e+03 1.315978980581867290e+02
3.572073950431859934e+00 3.153437580253706983e+03 1.339168674964851959e+02
3.583396863374967545e+00 3.321072342767182818e+03 1.349774913293854297e+02
3.594683839325147900e+00 3.319600389755796186e+03 1.344663735313029918e+02
3.605934945084000365e+00 3.307895515116001661e+03 1.328631912530370300e+02
3.617150486325092729e+00 2.906443196237359643e+03 1.323053816916173560e+02
3.628330930049432190e+00 3.154806053219993828e+03 1.327201859532773369e+02
3.639476501987707557e+00 3.198906676929034347e+03 1.336362793319183879e+02
3.650587456352991644e+00 2.952203951073836834e+03 1.346285087262425577e+02
3.661664139699663423e+00 3.305653251810168967e+03 1.352368906566711644e+02
3.672706880877095070e+00 3.343734182704766226e+03 1.355466183592240270e+02
3.683715596108539270e+00 3.273210186730849728e+03 1.361021927740952435e+02
3.694691141321926331e+00 3.207491213787654942e+03 1.371883672279281825e+02
3.705633358241877229e+00 3.170545084322608545e+03 1.388124413673550634e+02
3.716542438273635618e+00 3.161768141047819427e+03 1.393009072514393836e+02
3.727418953840430760e+00 3.059712072581273787e+03 1.396711194247126571e+02
3.738263296810144798e+00 3.108055944125122096e+03 1.400880107401059718e+02
3.749075177203317288e+00 3.127051388805958595e+03 1.400974207838339680e+02
3.759855548932488745e+00 3.162463516966412953e+03 1.402536860154872329e+02
3.770604103398885520e+00 3.021124585911696613e+03 1.405587848580366881e+02
3.781321316663663001e+00 3.371177416530561914e+03 1.410094216364819033e+02
3.792007686048816772e+00 3.108480822632510808e+03 1.415470350301163194e+02
3.802662809706260472e+00 3.157863449827560544e+03 1.422581361510940496e+02
3.813287581077731581e+00 3.191656468944177504e+03 1.431379765174242777e+02
3.823881802284661457e+00 3.221684456131286879e+03 1.442014753605168380e+02
3.834445843192443082e+00 3.082775810823803567e+03 1.454970290806394360e+02
3.844980324561631857e+00 3.310739165096435499e+03 1.465432934176941444e+02
3.855485047201760551e+00 3.186649684955879820e+03 1.472811965708658875e+02
3.865960326200025499e+00 3.253873673185242751e+03 1.475558487950970914e+02
3.876406032775226773e+00 3.149648664463353271e+03 1.479267782667491815e+02
3.886822376037555316e+00 3.190045140483990508e+03 1.486878008198063981e+02
3.897210241221991556e+00 3.059421143731009579e+03 1.498601105728545519e+02
3.907569253335179571e+00 3.122998932470035470e+03 1.508366897655774039e+02
3.917900051319239463e+00 3.081702528481726404e+03 1.513163303180528771e+02
3.928202988860419520e+00 3.311062102486909225e+03 1.517015193285301393e+02
3.938478132505067286e+00 3.190813339940318656e+03 1.524911377413181981e+02
3.948725551015076274e+00 3.009460165133425562e+03 1.532576118873019766e+02
3.958944737576878925e+00 3.218277759513503952e+03 1.540134387358968127e+02
3.969136470158894703e+00 3.242245011315806096e+03 1.547593771877821496e+02
3.979301337705290376e+00 3.066266092087430025e+03 1.554593254851505435e+02
3.989439215462953214e+00 3.295425049199415753e+03 1.561358109999377461e+02
3.999550452307413462e+00 3.224141175500671125e+03 1.569069243571618131e+02
4.009635409840123010e+00 3.389115029953755311e+03 1.576660637093374078e+02
4.019693854875026950e+00 2.950309247235476960e+03 1.587225147529812830e+02
4.029725233554681374e+00 3.309190812068075047e+03 1.598877047477985229e+02
4.039730709813990295e+00 3.450004746479817186e+03 1.609573794289516115e+02
4.049710835537217335e+00 3.311626143741659689e+03 1.613028794054815762e+02
4.059665324591201774e+00 3.235863939203837617e+03 1.616856699747663413e+02
4.069594924653245904e+00 3.321581821344767377e+03 1.624338487211564370e+02
4.079498091593858788e+00 2.968338054947120327e+03 1.638125291076252950e+02
4.089376051276473412e+00 3.145085033755997756e+03 1.652109305852359284e+02
4.099229786847089052e+00 3.039524532996091239e+03 1.665240363364595169e+02
4.109058660497233006e+00 3.164247347011970760e+03 1.672294471756977714e+02
4.118863306769874555e+00 3.068039321223321167e+03 1.678977589144915612e+02
4.128642405491594225e+00 3.518768603902142331e+03 1.685542159938101747e+02
4.138397501862847605e+00 3.361850752397285760e+03 1.690047978913198392e+02
4.148128891083760372e+00 3.335134841852442605e+03 1.696322680542792796e+02
4.157836314939683753e+00 3.239450558738444215e+03 1.704492625427878920e+02
4.167519625103922820e+00 3.205857159746971320e+03 1.718645740349493849e+02
4.177179003543038505e+00 3.203030610876682658e+03 1.730689959834956824e+02
4.186815506547641341e+00 3.143870366975788329e+03 1.740716301507197841e+02
4.196429110698112197e+00 3.253964367312245486e+03 1.755291441291404624e+02
4.206018416438392471e+00 3.190563089300931097e+03 1.767474174435755288e+02
4.215584951681210946e+00 2.934125821495691980e+03 1.777063537270013001e+02
4.225128755124692326e+00 3.249102907865699308e+03 1.779031559157470497e+02
4.234650739007196130e+00 3.285041314766726373e+03 1.782220994524526816e+02
4.244148614470615755e+00 3.402366573889262781e+03 1.787055642217636660e+02
4.253624496584166081e+00 3.179748782224607567e+03 1.798184742570614389e+02
4.263078794512334291e+00 3.063990321363562543e+03 1.808321657519069561e+02
4.272510211304774153e+00 3.111832562874122232e+03 1.817215169363681184e+02
4.281919085500088151e+00 3.037471741277844558e+03 1.827912885723845022e+02
4.291306909848093376e+00 3.018012367224908758e+03 1.842751520708401358e+02
4.300673397038681678e+00 3.180787738661158528e+03 1.865844831928684187e+02
4.310017340974857447e+00 3.243209884849089121e+03 1.882504520813080262e+02
4.319339734903419270e+00 2.739603226029067173e+03 1.894592921876812852e+02
4.328641924451228640e+00 3.633186478034479023e+03 1.897146143510351521e+02
4.337921953581585832e+00 3.006845364458066342e+03 1.906172500430631658e+02
4.347180696976718828e+00 3.070797694783072075e+03 1.919813633935232815e+02
4.356419535277230359e+00 3.177182985753721368e+03 1.943353435266364784e+02
4.365636668273011445e+00 3.094995205843704753e+03 1.969438680379738855e+02
4.374833119925476410e+00 3.239765508620560013e+03 1.998048873942311161e+02
4.384009308980081343e+00 3.170851611407073506e+03 2.013724159942302379e+02
4.393165179011167432e+00 2.986589251581079679e+03 2.018942691061482435e+02
4.402299902469296811e+00 3.502859672800707358e+03 2.007017706446959266e+02
4.411415439780623338e+00 3.523434369668617364e+03 2.001548152378301211e+02
4.420510487414818002e+00 3.142605063913109916e+03 1.999449401266228961e+02
4.429585097721315812e+00 3.518747018230716094e+03 2.003721701293821411e+02
4.438640847707974402e+00 3.002641520224725809e+03 2.008538010900004451e+02
4.447675963596198656e+00 3.449641826658491482e+03 2.013858023816147806e+02
4.456691834913858230e+00 2.994910948700236077e+03 2.037565146716958964e+02
4.465688731178857118e+00 3.475298490383003355e+03 2.065419802170357002e+02
4.474665294568997531e+00 3.023686800592877717e+03 2.099188100518602766e+02
4.483622913887916894e+00 3.277912498175401197e+03 2.126281266277301256e+02
4.492562159077411188e+00 3.192982959712870979e+03 2.150699372071193238e+02
4.501480908112369228e+00 3.260509439383745757e+03 2.168340689074288434e+02
4.510381953673955557e+00 3.241818163840255238e+03 2.162435384365674338e+02
4.519263383849764004e+00 3.366616150116414246e+03 2.146883714127507687e+02
4.528126047697357492e+00 3.190816178360448703e+03 2.143381284855958882e+02
4.536971309778443207e+00 3.318823084208858290e+03 2.141608543988091071e+02
4.545796048111036214e+00 3.275026723905129529e+03 2.138853858695910048e+02
4.554603793531243561e+00 3.206031203947715767e+03 2.151799240740980395e+02
4.563392596493700104e+00 3.208510250018771785e+03 2.177256961551407528e+02
4.572163267309925949e+00 3.419353540052517928e+03 2.232670138453283641e+02
4.580916548638709784e+00 3.055174797411174950e+03 2.279340592161615291e+02
4.589650618390429315e+00 2.772525821197853929e+03 2.284854138458417481e+02
4.598367689312868656e+00 3.140927383187372016e+03 2.278930269095060055e+02
4.607066681687260967e+00 3.451855799751663199e+03 2.265952245348617566e+02
4.615747899576960300e+00 3.665675007476031169e+03 2.263512000416699550e+02
4.624412279277495763e+00 3.167274704958178063e+03 2.267066985105547303e+02
4.633057709743861885e+00 3.086372768141083725e+03 2.285059162714610466e+02
4.641687442923594809e+00 3.156948588084519542e+03 2.285369642534184038e+02
4.650298135345599881e+00 2.957874155595004140e+03 2.273043790357051250e+02
4.658892757182722555e+00 3.128820184014216920e+03 2.264862047689133533e+02
4.667469434827050456e+00 3.241764646275220002e+03 2.263161109039669725e+02
4.676029330655726568e+00 3.250604432611542052e+03 2.283489268552260398e+02
4.684572741753544101e+00 3.199483280822054894e+03 2.303242372412249495e+02
4.693098614655464296e+00 2.986037137011522645e+03 2.322190652039946599e+02
4.701608689094963545e+00 3.155612931886814749e+03 2.329334134253599302e+02
4.710100644232890765e+00 3.138977267175062480e+03 2.333641168187735957e+02
4.718577614410938814e+00 3.189758773142088558e+03 2.338022925925081950e+02
4.727036185793213718e+00 3.433512292379099563e+03 2.345789094086623265e+02
4.735479957680318819e+00 3.158438935634497739e+03 2.358845107062795989e+02
4.743905994140831694e+00 3.084003594629480176e+03 2.364795503372662608e+02
4.752316980729044182e+00 2.878486024579686273e+03 2.362251661943707859e+02
4.760710812698005334e+00 3.152803944600280374e+03 2.360897796029859990e+02
4.769089420490750797e+00 2.817657497456962119e+03 2.362630541424821615e+02
4.777451373718597516e+00 2.998913985044302535e+03 2.372670504917512631e+02
4.785798002855298883e+00 3.016623117729464411e+03 2.405173383845317119e+02
4.794128398497018217e+00 3.141728744464265674e+03 2.464618288888604525e+02
4.802443376368349170e+00 3.311032888542954879e+03 2.513998966901697827e+02
4.810742149230142317e+00 3.104469973103633492e+03 2.560379458378025106e+02
4.819025617446342835e+00 3.665140496111011544e+03 2.544569681395101384e+02
4.827293465386820692e+00 3.068677463487432306e+03 2.532779981337940853e+02
4.835546052327778455e+00 3.763075774887513944e+03 2.535678088680985525e+02
4.843782906991199511e+00 3.368426778563625248e+03 2.546602695654759430e+02
4.852004756317374934e+00 3.147502529580624014e+03 2.566271333332408062e+02
4.860211301112485671e+00 3.394116750201107152e+03 2.559428251896085840e+02
4.868402776861874948e+00 3.460861811035398205e+03 2.542393384161022993e+02
4.876578940746790103e+00 3.648327433183072571e+03 2.583588485227500655e+02
4.884740610308153208e+00 2.834696535769655384e+03 2.631465917536296502e+02
4.892886694471238584e+00 3.419020217510531893e+03 2.684327796897826488e+02
4.901018676004912145e+00 3.451657506447079868e+03 2.713577400421281709e+02
4.909134977771611119e+00 3.272023377699852517e+03 2.701356822286234660e+02
4.917237634043125638e+00 3.101879640263684450e+03 2.704776089799478314e+02
4.925324446630525266e+00 3.321582575216826172e+03 2.718711702817664104e+02
4.933398134829127812e+00 2.364512980014877940e+03 2.672634503931561198e+02
4.941455747418270761e+00 3.297895997306281515e+03 2.615183243634335213e+02
4.949500574148831156e+00 3.125405484632070966e+03 2.590265900935568766e+02
4.957529272260982722e+00 2.952015167640211530e+03 2.573513267424096966e+02
4.965545265984300016e+00 3.476276377149042673e+03 2.586095491307997349e+02
4.973545738131229577e+00 3.553308265381365800e+03 2.606188205310993453e+02
4.981533127718194010e+00 3.130881836775579359e+03 2.638490033560253778e+02
4.989505570332331885e+00 3.049892101711563100e+03 2.674650320911077870e+02
4.997464544786359930e+00 3.186034644905591904e+03 2.714117753642834714e+02
5.005409447756558272e+00 2.859572217310254928e+03 2.718840127273627445e+02
5.013340281098163764e+00 3.149609841236388093e+03 2.704003207082245694e+02
5.021257830036362613e+00 2.879632609100444370e+03 2.714927754251074248e+02
5.029160621649585217e+00 3.156672189811526550e+03 2.729934872388827216e+02
5.037050569743966477e+00 3.197049006639465915e+03 2.759955428850847738e+02
5.044926341689747851e+00 3.541132060623278448e+03 2.785979736760338028e+02
5.052788665119484435e+00 3.014045494988918563e+03 2.796667079519656340e+02
5.060637793590113453e+00 2.862917299422843371e+03 2.801412533860205372e+02
5.068472910824403321e+00 3.470449579025064395e+03 2.797224666913782585e+02
5.076295801406098818e+00 2.667057939658446230e+03 2.815698318149723605e+02
5.084103674368654069e+00 3.644088701776909147e+03 2.854583314998140509e+02
5.091899712598682903e+00 3.019337449576574272e+03 2.879888786785051593e+02
5.099681505093992762e+00 3.396418104014079290e+03 2.898249502513268112e+02
5.107450657487454748e+00 3.304273416182648816e+03 2.879323377190495421e+02
5.115207056598135793e+00 3.537098788550504196e+03 2.874790591676555209e+02
5.122949443628000310e+00 3.359474281002032967e+03 2.924210738366230657e+02
5.130680253670200308e+00 2.773853955407835656e+03 2.979825029492949398e+02
5.138396688682078661e+00 2.641730809529732596e+03 3.038965448172976949e+02
5.146101168408605098e+00 2.933378038591036329e+03 3.089419293109322666e+02
5.153792503046548568e+00 2.579566315562184172e+03 3.090455832180274456e+02
5.161470922892684499e+00 3.312997521310167940e+03 3.091443352097981005e+02
5.169137380954161642e+00 3.336531467390739181e+03 3.093100913650882831e+02
5.176790461846893621e+00 3.160238327992528866e+03 3.096008286109699270e+02
5.184431084171856163e+00 3.785147725346977040e+03 3.100778602747651576e+02
5.192059796083041689e+00 3.459900594234794426e+03 3.113315878334206559e+02
5.199674827397712917e+00 3.267716644291864213e+03 3.133685761094478153e+02
5.207278575337390691e+00 3.291995369516042956e+03 3.163189894670615558e+02
5.214869140309796869e+00 2.709817812584440162e+03 3.184181731539244993e+02
5.222447615347904026e+00 4.010736843421378580e+03 3.186721761492097471e+02
5.230015006897814622e+00 3.350883006486820705e+03 3.180968175862927296e+02
5.237568466208088580e+00 3.334975943815364190e+03 3.195098108047978371e+02
5.245110964662393016e+00 3.066514670682272481e+03 3.215629423047869295e+02
5.252640889229666321e+00 2.787564205641294393e+03 3.254862909487138154e+02
5.260158396991502450e+00 3.517955173076402843e+03 3.299031456150184454e+02
5.267664377459389868e+00 3.425350476175081894e+03 3.350693244409353042e+02
5.275158341451031241e+00 3.162015166140425208e+03 3.405177522630130511e+02
5.282639970089038961e+00 3.560153382861839873e+03 3.445292015974378046e+02
5.290110882103223666e+00 3.171525688945604543e+03 3.486813653637804009e+02
5.297568853064386296e+00 3.378733612485566937e+03 3.551705719952660161e+02
