6.381800011870539802e-01 3.107188037149259344e+03 9.805217167157181279e+01
6.763946124627159273e-01 3.333404337084802592e+03 8.158303032366487173e+01
7.113599417160119120e-01 3.217801105598485265e+03 6.029375885081744713e+01
7.558968723291419334e-01 3.202218492026067906e+03 4.152484847935610901e+01
8.026204307207138733e-01 3.177950295624900264e+03 4.018750416068476738e+01
8.460923525296446535e-01 3.153608901339606746e+03 3.638577435794370274e+01
9.016174536856684796e-01 3.214154648256807832e+03 3.231334603356409474e+01
9.574141169361576331e-01 3.203988092076589510e+03 3.230289431088713314e+01
1.013123880260736964e+00 3.188053102552908967e+03 2.866591590667719913e+01
1.074100184019981530e+00 3.220813107825128554e+03 3.019076863071510530e+01
1.131063948722828449e+00 3.203297891794959014e+03 2.415970811523303041e+01
1.201241382624418597e+00 3.237118634065590868e+03 2.262291599660388641e+01
1.285269521755240785e+00 3.211993479183082400e+03 1.994249286434096646e+01
1.362735090380773784e+00 3.202181968958762354e+03 2.265790372444836365e+01
1.442213323228564770e+00 3.209348412981052206e+03 2.303715155652876945e+01
1.522787330982758203e+00 3.215084116956590151e+03 2.303733119474622626e+01
1.613686243698182032e+00 3.207909666180355089e+03 2.320675543325587498e+01
1.694058352168840820e+00 3.225460318444745099e+03 2.415677501881456379e+01
1.783225147971224001e+00 3.213112908147726557e+03 2.287868551069547607e+01
1.890001703479001538e+00 3.195910829818335060e+03 2.280420739938596242e+01
1.993924181944482399e+00 3.233098633157908807e+03 2.425420664668231296e+01
2.112881396879379814e+00 3.237437231489974238e+03 2.501872785617762673e+01
2.227575253721981063e+00 3.212920986784509751e+03 2.388789386373991519e+01
2.354844110094128862e+00 3.221557210294985907e+03 2.442130081532347674e+01
2.484576328099429521e+00 3.161849743614588078e+03 2.862358614150882019e+01
2.624158643745824637e+00 3.231766586672074482e+03 2.706592326478389765e+01
2.772087476455529664e+00 3.212405656384828035e+03 2.907182760185257564e+01
2.927024104684247785e+00 3.180143249233247388e+03 2.906698726836677693e+01
3.087802173257881755e+00 3.260472652872414983e+03 3.189408188688008039e+01
3.259341587703607157e+00 3.176399732308284001e+03 3.028283290716366238e+01
3.446109838315762453e+00 3.134934450356853176e+03 3.104489495265501731e+01
3.639746369024789985e+00 3.175043846324728747e+03 3.183637168297915210e+01
3.844593668762462446e+00 3.209803422571395913e+03 3.267092040112593310e+01
4.058745267933202783e+00 3.238120103067618857e+03 3.463591414632626453e+01
4.289464354220482889e+00 3.130320287498380367e+03 3.709731772311256037e+01
4.530198165169421642e+00 3.158357172916872059e+03 4.067054815417606051e+01
4.782588308720661985e+00 3.169108822022350068e+03 3.665574190729561366e+01
5.297568853064386296e+00 3.187456148584553830e+03 5.263896371688206699e+01
